749,415,19,12
749,415,19,12
749,415,19,12
748,415,19,12
748,415,19,12
748,415,19,12
748,415,19,12
748,415,19,12
748,415,19,12
748,415,19,12
746,415,20,13
746,415,20,13
746,415,20,13
746,415,20,13
746,416,20,10
746,416,20,10
746,416,20,10
746,416,20,10
745,416,20,10
745,416,20,10
745,416,20,10
745,416,20,10
744,416,20,10
744,416,20,10
744,416,20,10
743,417,20,10
742,417,20,10
742,417,20,10
741,417,20,10
740,417,20,10
739,417,20,10
738,417,20,10
737,417,20,10
736,417,20,10
735,417,20,10
735,417,20,10
734,418,20,10
733,418,20,10
733,418,20,10
733,418,20,10
732,417,20,11
732,417,20,11
732,417,20,11
732,417,20,11
732,417,20,11
733,418,20,11
734,418,20,11
735,419,19,11
736,419,21,11
737,419,21,11
739,419,21,11
740,420,21,11
742,420,21,11
744,420,21,11
747,421,21,11
749,421,21,11
752,421,21,11
754,421,20,12
757,421,20,12
760,422,20,12
763,422,20,12
765,422,20,12
769,423,19,12
771,423,20,12
774,423,20,12
778,424,19,12
781,424,20,12
784,424,20,12
787,425,20,12
790,425,19,12
793,425,19,12
799,426,17,11
802,426,17,11
806,427,17,11
809,427,17,11
813,427,17,11
816,428,17,11
818,428,19,11
822,428,19,11
825,429,19,11
829,429,19,11
832,429,19,11
836,430,19,11
839,430,19,11
843,430,19,11
846,431,18,11
850,431,19,11
853,432,19,11
856,432,19,11
860,432,18,11
864,433,18,11
867,433,18,11
870,433,18,11
874,434,18,11
877,434,18,11
881,435,18,10
884,435,18,11
887,435,18,10
891,436,18,11
894,436,18,11
897,436,18,10
900,437,18,10
903,437,18,10
906,438,18,10
909,438,18,10
913,438,18,10
915,439,18,10
918,439,18,10
921,439,18,10
924,440,18,10
928,440,18,10
930,440,18,10
934,441,18,10
936,441,18,10
939,442,17,10
942,442,18,10
945,442,17,10
948,442,17,10
951,443,18,10
953,443,17,10
956,444,17,10
958,444,17,10
961,444,17,10
963,445,17,10
966,445,17,10
968,445,17,10
970,446,17,10
972,446,17,10
975,446,17,10
977,447,17,10
979,447,17,10
980,447,17,10
982,448,17,10
984,448,17,10
986,448,17,10
987,449,17,10
988,449,18,10
990,450,17,10
992,450,17,10
993,450,17,10
994,451,15,10
995,451,15,10
996,452,15,10
997,452,15,10
998,452,15,10
999,453,15,10
999,453,15,10
999,453,15,10
999,454,15,10
999,454,15,10
998,454,15,10
998,454,15,10
997,453,17,11
997,453,17,11
996,453,17,11
995,453,17,11
994,453,17,11
993,453,17,11
992,453,17,11
992,453,17,11
991,453,17,11
990,453,17,11
989,453,16,11
988,453,16,11
987,454,15,10
986,454,15,10
985,454,15,10
984,454,15,10
983,454,15,10
982,454,15,10
981,454,15,10
980,454,15,10
979,454,15,10
978,454,15,10
977,454,15,10
976,454,15,10
975,454,15,10
973,454,15,10
972,454,15,10
971,454,15,10
969,454,15,10
968,454,15,10
967,454,15,10
965,454,15,10
964,454,15,10
962,454,15,10
961,454,15,10
960,454,15,10
958,454,15,10
957,454,15,10
956,454,15,10
955,454,15,10
953,454,15,10
952,454,15,10
951,454,15,10
950,454,15,10
949,454,15,10
948,454,15,10
947,454,15,10
946,454,15,10
945,454,15,10
944,454,15,10
942,454,15,10
941,454,15,10
940,454,15,10
939,454,15,10
938,454,15,10
936,454,15,10
935,453,16,11
933,453,16,10
932,453,15,10
931,453,16,10
929,453,16,11
928,453,16,11
926,453,14,10
924,453,14,10
923,453,14,10
922,453,14,10
920,453,14,10
919,453,14,10
917,452,14,10
915,452,14,10
914,452,15,10
913,452,14,10
910,451,15,11
911,452,12,10
909,451,13,10
908,451,13,10
908,450,11,10
907,450,10,10
902,451,15,10
901,451,15,10
899,451,15,10
897,450,15,10
896,450,15,10
894,450,15,10
893,450,15,10
891,449,15,10
890,449,15,10
887,449,15,10
886,449,16,10
884,449,16,10
883,448,16,10
881,448,16,10
880,447,16,10
879,447,16,10
878,447,16,10
874,446,16,10
873,446,16,10
872,446,16,10
870,446,16,10
868,446,16,10
867,445,16,10
865,445,16,10
864,445,16,10
862,445,16,10
861,444,16,10
859,444,16,10
858,443,16,10
856,442,16,10
856,442,16,10
854,442,16,10
853,442,16,10
851,441,16,10
850,441,16,10
849,440,16,10
846,439,16,10
846,439,16,10
844,439,16,10
843,439,16,10
842,438,16,10
840,438,16,10
839,437,16,10
838,437,16,10
837,436,16,10
835,436,16,10
835,436,16,10
834,435,16,10
834,435,16,10
835,433,16,10
836,433,16,10
837,433,16,10
838,433,16,10
840,432,16,10
842,432,16,10
843,432,16,10
846,431,16,10
847,431,16,10
850,431,16,10
852,430,16,10
854,430,16,10
856,430,16,10
859,430,16,10
861,430,16,10
863,429,16,10
866,429,16,10
868,428,17,11
871,428,16,11
873,428,17,11
876,427,17,11
879,427,17,11
882,427,17,11
884,427,17,11
887,426,17,11
890,426,17,11
893,426,17,11
895,426,17,11
898,426,17,11
900,426,17,11
903,426,17,11
905,425,17,11
906,425,17,11
908,425,17,11
910,425,17,11
911,425,17,11
913,425,16,11
914,425,17,11
916,425,16,11
917,425,17,11
919,425,17,11
920,425,17,11
921,425,17,11
922,425,17,11
924,425,17,11
925,425,16,11
926,425,16,11
927,425,17,11
929,425,16,11
930,425,17,11
931,425,17,11
932,425,17,11
933,425,17,11
934,425,17,11
935,426,16,11
936,426,16,11
937,426,16,11
938,426,16,11
939,426,17,11
940,426,15,11
941,426,15,11
942,426,15,11
943,427,14,11
944,427,15,11
945,427,15,11
946,427,15,11
947,427,16,11
948,427,16,11
949,428,16,11
950,428,16,11
951,428,16,11
951,428,16,11
952,428,16,11
953,429,16,11
954,429,16,11
955,429,16,11
956,429,16,11
957,430,16,11
957,430,16,11
958,430,16,11
959,431,16,11
960,431,16,11
960,431,16,11
961,432,16,11
962,432,16,11
962,433,15,11
963,433,16,11
963,434,16,11
964,435,16,11
964,437,15,11
965,438,15,11
965,439,15,11
965,441,15,11
966,442,15,11
966,443,15,10
966,444,15,11
965,445,15,10
965,446,15,11
965,446,15,11
965,447,15,11
964,447,15,11
964,448,15,11
964,448,15,11
964,449,15,11
963,449,15,11
963,449,15,11
962,450,14,11
962,450,15,11
961,450,14,11
960,451,14,11
960,451,14,11
959,451,14,11
958,452,14,11
958,452,14,11
957,452,15,11
956,453,15,11
955,453,15,11
954,453,15,11
953,453,15,11
952,453,15,11
951,454,15,11
950,454,15,11
949,454,15,11
948,454,15,11
947,454,15,11
946,454,15,11
945,454,15,11
944,454,15,11
942,454,15,11
941,454,13,11
940,455,13,11
939,455,13,11
937,456,13,11
936,457,13,11
936,458,13,11
935,459,13,11
934,460,13,11
932,461,13,11
931,462,13,11
930,463,13,11
929,463,13,11
928,463,13,11
927,464,13,11
926,464,13,11
924,464,14,10
924,464,14,10
923,464,14,10
920,465,14,10
920,465,14,10
919,465,14,10
918,465,14,10
917,465,14,10
916,465,14,10
915,465,14,10
915,465,14,10
915,466,14,10
914,466,14,10
914,467,14,10
913,468,14,10
913,469,14,10
913,470,14,10
913,472,14,10
912,473,14,10
912,474,14,10
912,476,14,10
912,477,14,10
912,478,14,10
912,478,14,10
911,479,14,10
911,479,14,10
911,480,14,10
911,480,14,10
911,480,14,10
911,480,14,10
911,481,14,10
910,481,14,10
910,482,14,10
910,482,14,10
910,483,14,10
909,483,14,10
908,485,14,10
908,486,14,10
908,487,14,10
907,489,14,10
906,490,14,10
905,492,14,10
904,493,14,10
903,495,14,10
902,496,14,10
901,497,14,10
900,498,14,10
899,498,14,10
898,499,14,10
897,499,14,10
896,499,14,10
895,500,14,10
894,500,14,10
892,500,14,10
891,500,14,10
890,500,14,10
889,500,14,10
888,500,14,10
887,500,14,10
886,500,14,10
885,501,14,10
884,501,14,10
883,501,14,10
882,501,14,10
880,501,14,10
880,501,14,10
879,501,14,10
878,501,14,10
876,500,14,10
876,500,14,10
875,500,14,10
874,500,14,10
871,500,14,10
871,500,14,10
867,500,14,10
867,500,14,10
866,500,14,10
865,500,14,10
864,500,14,10
863,500,14,10
862,500,14,10
861,500,14,10
860,500,14,10
859,500,14,10
857,500,14,10
857,500,14,10
856,500,14,10
855,500,14,10
854,500,14,10
853,500,14,10
853,500,14,10
852,498,14,10
852,498,14,10
852,498,14,10
851,498,14,10
850,498,14,10
850,498,14,10
849,498,14,10
848,498,14,10
848,498,14,10
848,498,14,10
848,498,14,10
848,498,14,10
848,498,14,10
848,498,14,10
848,498,14,10
848,498,14,10
849,498,14,10
849,498,14,10
849,498,14,10
850,498,14,10
850,498,14,10
851,497,14,10
851,497,14,10
852,497,14,10
852,496,14,10
853,496,14,10
853,496,14,10
854,496,14,10
855,496,14,10
856,496,14,10
856,496,14,10
857,496,14,10
858,496,14,10
859,496,14,10
860,495,14,10
861,495,14,10
862,495,14,10
864,494,15,11
865,494,15,11
867,494,15,11
868,494,15,11
870,493,15,11
872,493,15,11
874,493,15,11
876,493,15,11
877,493,15,11
880,493,15,11
881,492,15,11
883,492,15,11
885,492,15,11
887,492,15,11
889,492,15,11
891,492,15,11
892,492,15,11
894,491,15,11
896,492,14,11
898,490,15,12
899,490,15,12
901,490,15,12
902,490,15,12
904,490,15,12
905,490,15,12
906,490,15,12
908,490,15,12
908,490,15,12
909,490,15,12
910,489,15,12
911,489,15,12
911,489,15,12
912,489,15,12
912,489,16,12
912,489,16,12
912,489,16,12
912,489,16,12
912,489,16,12
912,490,16,12
912,490,16,12
911,490,16,12
911,491,16,12
909,492,17,12
908,493,17,12
908,495,17,12
907,496,17,12
907,498,15,11
907,500,15,11
906,502,15,11
905,505,15,10
904,507,15,10
904,509,15,10
903,511,15,10
904,512,15,10
903,514,15,10
903,515,15,10
901,516,16,10
900,517,16,10
899,518,16,10
897,519,16,10
897,519,16,10
895,519,16,10
897,520,16,10
897,520,16,10
897,520,16,10
894,520,16,10
894,520,16,10
894,520,16,10
893,520,16,10
893,520,16,10
892,520,16,10
