1086,216,31,22
1087,216,31,22
1088,216,31,22
1089,217,31,22
1090,217,31,22
1091,217,31,22
1092,217,31,22
1093,218,31,22
1095,218,31,22
1097,218,31,22
1098,219,31,22
1100,218,31,22
1102,219,31,22
1103,219,31,22
1106,219,31,22
1108,220,31,22
1110,220,31,22
1112,220,31,22
1114,220,32,22
1117,221,31,22
1119,221,31,22
1122,222,31,22
1125,222,31,22
1127,222,31,22
1130,222,31,22
1133,223,31,22
1136,223,31,22
1139,223,32,22
1141,224,31,22
1144,224,32,23
1147,224,31,22
1150,224,31,22
1153,225,31,22
1155,225,31,22
1157,225,31,22
1160,226,31,22
1162,226,31,22
1165,226,31,22
1168,226,31,22
1170,227,31,22
1173,227,31,22
1176,227,31,22
1179,228,31,22
1181,228,31,22
1184,228,32,22
1187,228,31,22
1196,229,31,22
1199,229,32,23
1202,230,31,22
1206,230,31,22
1208,230,32,23
1212,231,30,21
1214,231,31,22
1216,231,32,23
1219,231,31,22
1221,231,31,22
1225,232,30,21
1225,231,33,23
1227,231,32,23
1229,231,32,23
1232,232,31,22
1233,232,32,22
1234,232,33,23
1235,232,32,23
1237,232,32,22
1238,232,33,23
1239,232,31,22
1241,233,31,22
1240,232,33,23
1241,233,32,23
1242,233,32,22
1243,233,31,22
1242,232,33,23
1243,233,32,22
1242,232,32,23
1242,232,32,23
1242,232,32,23
1243,233,30,21
1241,232,32,23
1241,233,31,22
1242,233,29,21
1239,232,32,23
1238,232,32,23
1238,232,31,22
1237,232,31,22
1234,231,33,23
1233,231,32,23
1233,232,30,21
1230,231,32,23
1229,231,31,22
1229,231,29,21
1225,230,32,23
1223,230,33,23
1221,230,32,23
1220,230,29,21
1216,229,32,23
1215,230,29,21
1213,229,30,21
1209,228,32,23
1207,228,31,22
1204,228,32,23
1201,228,32,23
1199,228,31,22
1196,227,31,22
1192,227,32,23
1189,227,31,22
1187,227,30,21
1182,226,32,23
1180,226,30,21
1176,225,31,22
1173,225,32,23
1170,225,31,22
1166,224,31,22
1163,224,31,22
1160,224,30,21
1156,223,32,22
1154,223,30,22
1149,222,32,23
1146,222,31,22
1143,222,30,22
1139,221,32,23
1136,221,31,22
1133,221,31,22
1129,220,31,22
1125,220,31,22
1122,220,32,22
1118,220,32,23
1114,219,31,22
1110,219,31,22
1106,218,31,22
1102,218,31,22
1098,217,30,22
1095,217,30,22
1090,216,32,23
1086,216,31,22
1082,216,30,22
1077,215,32,23
1073,216,30,21
1067,215,32,23
1063,214,32,22
1059,214,31,22
1054,214,31,22
1049,213,31,22
1045,213,31,22
1040,212,31,22
1035,211,31,22
1030,211,32,22
1025,211,32,22
1021,210,31,22
1016,210,32,22
1011,209,32,22
1006,209,31,22
1001,208,32,23
997,208,31,22
992,207,32,23
987,207,31,22
983,207,31,22
978,206,31,22
973,206,32,22
969,205,31,22
964,205,31,22
959,204,32,22
954,204,31,22
949,203,31,22
945,203,31,22
940,202,31,22
935,202,32,22
931,201,32,22
927,201,31,22
922,201,32,22
918,200,32,22
914,200,32,23
910,200,31,22
906,199,32,22
902,199,31,22
898,198,31,22
894,198,31,22
890,197,32,22
886,197,31,22
882,197,31,22
878,196,32,22
874,195,32,23
870,195,31,22
866,195,32,22
862,194,32,22
858,194,31,22
854,193,32,23
850,193,31,22
846,192,31,22
843,192,31,22
839,192,31,22
835,191,32,23
832,191,31,22
828,191,32,22
824,190,32,23
821,190,31,22
817,190,31,22
813,189,32,22
809,189,32,22
805,188,31,22
801,188,31,22
796,187,31,22
792,187,31,22
787,186,32,23
783,186,32,23
779,185,31,22
775,185,32,23
771,185,29,21
767,185,29,21
764,184,30,21
760,184,29,20
757,184,29,20
753,183,29,21
751,183,29,21
748,183,30,21
745,182,29,21
743,182,29,21
739,179,32,26
737,179,32,26
735,178,32,26
733,178,32,26
732,178,32,26
731,178,32,26
729,178,32,26
728,177,32,26
727,177,32,26
727,177,32,26
727,177,32,26
726,177,32,26
726,177,32,26
726,177,32,26
726,177,32,26
726,177,32,26
726,177,32,26
727,177,32,26
727,177,32,26
728,177,32,26
729,177,32,26
730,177,32,26
731,177,32,26
733,177,33,26
734,178,32,26
736,178,32,26
737,178,32,26
739,178,32,26
741,178,32,26
743,178,32,26
745,179,31,26
747,179,32,26
749,179,32,26
752,179,32,26
754,180,32,26
756,180,32,26
759,180,32,26
761,180,32,26
763,181,32,26
766,181,32,26
768,181,32,26
771,181,32,26
774,182,32,26
777,182,32,26
780,183,32,26
783,183,32,26
786,183,32,26
789,183,32,26
792,184,32,26
796,184,31,26
799,185,32,26
802,185,32,26
805,185,32,26
809,186,31,25
811,186,33,27
815,186,32,26
819,187,31,25
822,187,31,25
825,188,32,26
829,188,32,26
832,188,31,25
835,189,32,26
839,189,32,26
842,190,32,26
846,190,31,25
850,190,32,26
853,191,32,26
857,191,32,26
861,192,31,25
865,192,31,25
868,192,31,25
872,193,31,25
875,193,32,26
879,194,31,25
882,194,31,25
886,194,32,26
889,195,32,26
893,196,31,25
897,196,31,25
900,196,31,26
904,196,32,26
908,197,31,25
911,197,31,25
914,197,33,27
919,198,30,25
921,198,32,26
926,200,29,24
928,199,33,27
932,199,32,26
935,200,32,26
940,201,29,24
943,202,28,23
947,202,29,23
949,202,29,23
952,202,29,23
955,202,29,23
958,203,29,24
960,203,29,24
963,203,28,23
965,203,29,24
968,203,29,24
971,204,29,23
974,204,29,23
976,204,29,23
979,205,29,23
982,205,29,23
985,205,29,23
987,205,29,23
990,206,29,23
993,206,29,23
995,206,29,23
998,206,28,22
1001,207,29,23
1002,207,29,23
1005,207,29,23
1007,207,29,23
1009,208,28,22
1012,208,27,22
1012,207,30,24
1014,208,29,23
1015,208,29,23
1016,208,29,23
1017,208,29,23
1019,209,28,22
1019,208,29,23
1020,208,29,23
1020,208,29,23
1021,208,29,23
1022,209,29,23
1022,209,29,23
1023,209,29,23
1024,209,29,23
1024,209,28,23
1025,209,29,23
1026,209,29,23
1027,209,29,23
1027,209,29,23
1028,209,29,23
1029,209,28,23
1030,209,29,23
1032,209,28,22
1032,209,29,23
1033,209,29,23
1035,210,28,22
1035,209,29,23
1036,210,29,23
1037,210,28,22
1037,210,29,23
1038,209,29,23
1039,210,28,22
1040,210,29,23
1040,210,29,23
1041,210,29,23
1041,210,29,23
1042,210,28,23
1043,210,29,23
1044,210,29,23
1045,210,29,23
1046,210,29,23
1047,211,29,23
1047,210,30,23
1049,211,28,22
1050,211,28,23
1051,211,29,23
1052,211,29,23
1052,211,29,23
1054,211,28,23
1055,211,28,22
1055,211,29,23
1056,211,29,23
1057,211,28,22
1058,211,29,23
1058,211,29,23
1059,211,29,23
1060,212,29,23
1060,212,29,23
1061,212,28,22
1061,212,28,23
1062,212,28,22
1062,212,29,23
1062,212,29,23
1063,212,28,23
1063,212,29,23
1063,212,29,23
1063,212,28,22
1063,212,30,24
1064,212,29,23
1064,212,28,22
1064,212,29,23
1064,212,29,23
1064,212,28,22
1064,212,29,23
1064,212,29,23
1064,212,29,23
1064,212,29,23
1065,212,29,23
1065,212,29,23
1065,212,29,23
1065,212,29,23
1065,213,28,22
1065,212,29,23
1066,213,28,22
1066,212,29,23
1066,213,29,23
1067,213,28,23
1067,213,29,23
1068,213,29,23
1068,213,29,23
1069,213,28,23
1070,213,29,23
1071,213,28,23
1072,213,29,23
1073,213,29,23
1074,214,28,22
1075,214,29,23
1076,214,29,23
1078,214,28,22
1079,214,29,23
1080,214,29,23
1082,215,28,23
1083,215,29,23
1084,215,29,23
1086,215,29,23
1087,215,29,23
1089,216,29,23
1091,216,29,23
1092,216,29,23
1094,216,28,23
1096,217,29,23
1098,216,31,23
1100,216,31,23
1102,216,31,23
1104,217,31,23
1106,217,31,23
1108,217,31,23
1110,217,31,23
1112,218,30,23
1114,218,30,22
1116,218,30,22
1118,219,30,23
1119,219,31,23
1121,220,31,23
1123,222,30,23
1124,223,30,22
1125,225,30,22
1127,226,30,23
1128,228,30,22
1129,230,32,23
1130,233,30,22
1131,235,32,23
1133,241,30,20
1134,244,30,20
1135,247,30,20
1136,249,30,20
1137,252,30,20
1138,253,30,20
1138,254,30,20
1139,255,30,20
1140,255,30,20
1140,255,30,20
1141,254,30,20
1142,253,30,20
1142,251,30,20
1143,250,30,20
1144,249,30,20
1144,248,30,20
1145,247,30,20
1145,246,30,20
1146,246,30,20
1146,247,30,20
1146,248,30,20
1146,250,30,20
1146,252,30,20
1147,256,30,20
1147,259,30,20
1146,263,31,19
1146,267,31,19
1146,270,31,19
1146,274,31,19
1147,278,31,19
1147,282,31,19
1147,286,30,19
1147,290,30,19
1147,293,31,19
1147,297,31,19
1146,302,31,19
1146,305,31,19
1146,309,31,19
1146,313,31,19
1146,317,31,19
1146,321,31,19
1146,325,30,19
1145,329,31,19
1144,332,31,19
1144,336,30,19
1143,338,31,19
1143,340,31,19
1142,342,31,19
1142,344,31,19
1142,344,31,19
1141,345,31,19
1141,346,31,19
1141,347,31,19
1141,347,31,19
1141,347,31,19
1140,348,31,19
1141,348,30,19
1141,348,31,19
1141,348,30,18
1141,349,31,19
1140,349,32,19
1141,349,30,18
1140,350,31,19
1140,350,32,19
1140,351,31,19
1140,352,31,19
1141,352,31,19
1141,354,31,19
1141,355,31,19
1141,356,31,19
1141,358,31,19
1142,361,31,19
1142,363,31,19
1142,366,31,19
1142,368,31,19
1143,371,31,19
1143,374,31,19
1143,377,31,19
1143,380,31,19
1143,384,31,19
1143,387,31,19
1144,391,31,19
1144,394,31,19
1144,396,31,19
1143,399,36,17
1143,401,35,17
1144,403,36,17
1144,404,36,17
1144,406,36,17
1145,408,36,17
1145,409,36,17
1146,412,36,17
1147,416,36,17
1147,420,36,17
1148,426,36,17
1149,433,36,17
1150,440,36,17
1151,449,36,17
1152,458,36,17
1153,468,36,17
1155,479,35,17
1156,490,36,17
1158,502,36,17
1160,514,36,17
1161,527,36,17
1163,541,36,17
1165,555,36,17
1167,570,36,17
1170,585,36,17
1172,598,36,17
1174,610,36,17
1176,620,36,17
1178,630,36,17
1180,637,37,17
1182,644,36,17
1184,650,36,17
1185,654,36,17
1187,657,37,17
1188,659,36,17
1189,660,37,17
1190,660,37,17
1192,660,37,17
1193,660,37,17
1194,660,37,17
1195,660,37,17
1196,660,38,18
1197,660,37,18
1198,660,37,18
1198,660,37,17
1199,660,38,18
1200,661,37,18
1200,661,37,18
1201,661,37,18
1201,662,38,18
1202,662,37,18
1202,662,37,18
1202,662,38,18
1203,663,37,18
1203,664,38,18
1203,664,37,18
1203,664,38,18
1204,665,37,18
1204,665,37,17
1204,666,38,18
1204,667,37,17
1204,668,37,17
1204,668,37,17
1203,669,37,18
1203,669,37,17
1203,670,37,18
1202,671,37,18
1201,671,38,18
1202,672,37,17
1201,673,37,17
1201,674,37,17
1201,674,36,17
1200,675,36,17
1200,676,36,17
1199,677,36,17
1198,678,36,17
1198,679,36,17
1197,680,36,17
1197,681,36,17
1196,681,36,17
1195,682,36,17
1195,683,36,17
1194,684,36,17
1194,685,35,17
1193,686,35,17
1192,687,35,17
1191,688,35,17
1191,689,35,17
1190,690,35,16
1190,690,35,16
1189,691,35,17
1188,692,35,16
1188,693,35,17
1187,694,34,16
1187,694,35,16
1186,695,35,16
1186,696,35,17
1184,697,36,17
1184,698,36,17
1184,699,36,17
1184,699,36,17
1185,700,36,17
1185,701,36,17
1186,701,36,17
1186,702,36,17
1187,703,36,17
1188,703,36,17
1189,704,36,17
1190,705,36,17
1191,706,35,17
1193,706,35,17
1194,707,35,17
1195,708,35,17
1197,708,36,17
1199,709,35,17
1200,709,35,17
1202,710,35,17
1204,711,35,17
1206,711,35,16
1207,712,35,17
1209,712,35,16
1211,713,35,17
1213,714,34,16
1215,714,35,17
1216,715,35,17
1218,715,35,16
1220,716,35,17
1222,717,34,16
1223,717,35,16
1225,718,35,16
1227,718,35,17
1228,719,35,17
1230,719,35,16
1232,720,35,16
1233,720,35,16
1235,721,35,17
1236,722,35,16
1238,722,34,16
1240,723,35,16
1242,723,35,16
1243,723,35,17
1245,724,35,16
1247,725,34,16
1249,725,34,16
1251,726,35,16
1253,726,34,16
1255,726,35,16
1258,727,35,16
1260,728,35,16
1262,728,35,16
1265,728,34,16
1267,729,35,16
1270,729,34,16
1273,730,34,16
1275,730,35,16
1277,731,34,16
1280,731,34,16
1282,732,34,16
1285,732,34,16
1287,732,34,16
1290,733,35,16
1292,733,35,16
1295,734,34,16
1297,735,34,16
1300,735,34,16
1302,735,34,16
1305,736,35,16
1308,736,34,16
1311,736,35,16
1314,737,34,16
1317,737,34,16
1320,738,34,16
1322,738,35,16
1326,739,34,16
1329,739,35,16
1332,739,34,16
1335,740,35,16
1339,740,34,16
1342,741,35,16
1345,741,34,16
1349,742,35,16
1352,742,35,16
1356,743,34,16
1359,743,34,16
1363,744,34,16
1366,744,35,16
1370,744,35,16
1374,745,34,16
1378,745,34,16
1382,746,34,16
1386,746,34,16
1390,746,34,16
1393,747,35,16
1397,747,35,16
1401,748,35,16
1405,748,34,16
1409,748,35,16
1412,749,33,16
1416,749,32,16
1419,750,32,16
1423,750,33,16
1426,750,33,16
1429,751,32,16
1432,751,33,16
1435,752,33,16
1439,752,33,16
1441,752,33,16
1445,753,32,16
1448,753,33,16
1451,753,33,16
1454,753,32,16
1457,754,32,16
1460,754,33,16
1463,754,33,16
1466,754,32,16
1469,755,32,16
1472,755,33,16
1475,755,33,16
1477,755,32,16
1480,756,33,16
1482,756,32,16
1485,756,32,16
1487,757,32,16
1489,757,32,16
1490,757,32,16
1492,757,32,16
1493,757,32,16
1494,757,33,16
1496,758,33,16
1497,758,33,16
1498,758,33,16
1499,758,33,16
1499,758,33,16
1500,758,33,16
1501,758,33,16
1501,758,32,16
1502,758,33,16
1502,758,32,16
1502,758,32,16
1502,758,32,16
1502,758,32,16
1502,758,33,16
1502,758,33,16
1502,758,33,16
1501,758,32,16
1501,758,33,16
1500,758,32,16
1499,758,32,16
1499,758,32,16
1498,758,33,16
1497,758,32,16
1495,758,32,16
1494,758,32,16
1493,758,32,16
1491,758,32,16
1490,758,33,16
1488,758,33,16
1487,758,33,16
1485,758,32,16
1484,758,33,16
1482,758,33,16
1481,758,33,16
1479,758,33,16
1478,758,33,16
1477,758,32,16
1475,758,33,16
1474,758,32,16
1473,758,32,15
1472,758,32,15
1470,758,32,16
1470,758,32,15
1469,758,32,15
1468,757,33,16
1468,758,32,15
1467,757,32,15
1467,757,32,16
1467,757,32,16
1467,757,32,15
1467,757,32,16
1467,757,32,16
1467,757,32,16
1467,757,33,16
