1117,511,37,21
1118,509,37,21
1119,507,37,21
1120,505,37,21
1121,502,36,20
1121,500,36,21
1121,497,36,21
1121,495,34,20
1119,492,35,20
1117,490,34,20
1114,487,35,20
1112,485,34,19
1110,482,33,19
1107,479,32,18
1104,477,31,18
1102,474,31,17
1098,471,32,18
1096,469,31,17
1093,466,30,17
1091,463,30,17
1088,461,30,17
1086,458,29,17
1083,455,29,16
1081,453,29,16
1078,450,28,16
1076,447,29,16
1073,445,27,15
1072,441,28,16
1070,438,27,15
1070,434,28,16
1069,429,27,15
1069,425,27,15
1068,420,27,15
1067,416,27,15
1066,411,27,15
1064,406,27,15
1063,401,27,15
1061,396,27,15
1060,391,26,15
1057,386,27,15
1055,381,27,15
1053,376,27,15
1050,371,27,15
1048,366,27,15
1046,361,26,15
1043,355,27,15
1037,338,24,17
1034,333,24,16
1030,326,26,20
1029,321,25,18
1027,317,24,18
1023,311,27,17
1021,306,27,17
1018,300,27,17
1016,295,27,17
1013,289,27,17
1011,284,27,17
1008,279,27,17
1006,274,27,17
1004,269,27,17
1001,264,26,17
999,258,27,17
997,253,27,17
994,248,27,17
992,243,27,17
990,239,26,17
988,234,27,17
986,229,27,17
984,226,25,16
982,222,25,15
980,217,25,16
978,214,25,15
976,210,25,15
973,207,25,16
972,204,24,15
970,202,23,15
967,199,24,15
966,197,23,15
964,196,23,15
962,194,23,15
960,192,23,14
958,191,23,14
956,190,23,14
955,189,22,14
953,189,22,14
951,188,22,14
948,186,25,16
946,186,25,16
945,186,25,16
943,186,25,16
941,187,24,15
940,188,24,15
937,189,24,15
936,190,24,15
934,191,24,15
932,193,24,15
931,195,23,15
929,197,23,14
927,199,22,14
926,200,22,14
924,201,22,14
924,199,19,16
923,202,17,14
921,203,18,13
918,202,19,14
913,203,22,13
914,203,22,14
911,202,23,17
909,203,23,15
905,203,26,15
906,202,21,17
904,204,21,14
902,203,20,15
898,203,24,16
898,203,21,14
895,202,22,16
893,202,22,16
891,201,22,16
889,200,23,15
887,198,23,15
884,198,22,14
881,196,24,15
883,194,21,16
881,192,21,16
879,191,21,16
877,189,21,16
876,187,21,16
874,185,20,16
872,184,20,15
870,182,20,15
868,180,20,15
866,178,20,15
864,176,20,15
862,174,20,15
861,173,19,14
860,172,18,14
858,171,18,14
856,170,18,14
853,167,19,14
851,165,20,14
845,164,24,12
844,162,23,11
841,160,23,12
839,158,22,12
839,155,21,15
837,153,21,15
835,150,21,15
833,148,21,15
831,146,21,15
830,145,20,14
828,142,20,14
826,141,19,14
823,139,19,14
821,138,19,14
819,137,19,13
817,135,19,14
815,134,20,14
812,131,20,16
810,130,20,16
808,130,20,16
807,129,19,15
801,127,23,16
799,127,23,16
797,127,22,16
795,128,23,16
793,129,23,16
791,130,23,16
789,132,23,16
787,134,23,16
785,136,22,15
783,139,22,15
781,142,22,15
779,145,22,15
777,148,22,15
775,151,22,15
773,156,22,15
771,159,22,15
769,163,22,15
767,168,22,15
763,170,23,17
761,175,23,17
759,179,23,17
757,183,23,17
756,189,23,17
755,195,22,16
752,199,19,16
749,203,21,17
752,209,18,16
747,213,20,14
748,213,19,16
743,219,23,17
739,228,21,18
737,234,22,17
735,240,23,18
735,246,18,17
733,252,19,18
731,258,18,17
729,264,17,16
725,270,24,18
723,276,20,18
721,282,20,18
719,289,20,18
716,296,20,18
714,303,20,18
712,310,20,18
710,317,20,18
707,324,20,18
705,331,21,19
703,339,20,18
700,346,21,19
697,354,21,19
695,362,21,19
692,370,22,20
689,379,22,20
687,388,22,20
685,397,22,20
682,407,22,20
680,416,23,20
677,426,23,21
674,436,23,20
672,446,23,20
670,455,23,21
668,466,23,21
666,476,23,20
658,490,25,18
655,500,25,18
653,511,25,18
650,523,25,18
647,533,25,18
644,544,25,18
642,555,26,18
639,565,26,19
636,576,26,19
634,586,25,18
630,596,26,18
628,606,25,18
625,616,26,19
622,626,25,18
619,635,26,19
616,644,26,19
614,653,26,19
612,662,26,19
611,671,26,19
609,679,26,19
607,688,26,18
606,696,26,18
605,704,26,18
604,712,26,19
605,719,26,19
607,726,26,19
612,733,26,19
622,738,26,19
638,742,25,21
659,746,26,19
681,746,27,22
706,747,25,23
731,752,28,21
757,753,29,21
783,755,28,22
815,756,27,24
840,761,29,23
869,762,27,21
895,763,31,25
926,768,26,21
948,771,29,23
969,775,27,22
983,776,27,25
995,780,27,25
1003,784,27,25
1010,787,27,25
1015,790,27,25
1018,793,27,25
1020,797,27,25
1020,800,27,25
1021,802,27,25
1020,805,28,26
1021,807,26,25
1022,809,25,23
1021,810,28,26
1022,812,27,25
1022,813,27,25
1021,814,27,25
1020,815,27,25
1018,815,28,26
1018,816,26,24
1016,816,27,25
1015,817,27,25
1014,818,27,25
1014,818,27,25
1014,819,27,25
1013,819,26,25
1013,819,26,24
1012,820,26,24
1011,820,26,24
1009,820,27,25
1008,819,26,24
1007,817,26,24
1005,812,27,25
1003,804,27,25
1002,793,27,25
1000,780,26,24
998,766,27,25
996,754,26,24
993,743,27,25
991,733,27,25
989,724,27,25
987,716,26,24
984,709,26,24
982,703,27,25
979,699,27,25
977,700,27,25
974,709,27,25
972,725,26,24
969,746,28,25
967,773,27,25
965,799,27,25
963,824,27,25
961,846,27,25
958,866,27,25
957,884,27,25
955,900,27,25
953,912,27,25
952,915,27,25
951,909,26,24
950,897,26,24
949,884,26,24
948,871,27,25
948,858,27,25
948,846,27,25
948,834,26,24
948,823,27,25
948,813,27,25
948,803,27,25
949,794,26,24
950,785,27,25
950,777,28,26
952,769,27,25
953,762,27,25
955,756,27,25
957,750,27,25
959,745,26,24
961,740,26,24
963,735,27,25
967,731,26,24
969,723,26,24
972,712,26,24
976,696,26,24
979,676,26,24
983,657,25,23
986,638,25,24
990,621,26,24
995,606,25,23
998,592,26,24
1004,580,25,23
1008,568,26,24
1012,559,26,24
1018,551,25,23
1022,545,26,24
1028,540,25,23
1033,536,25,23
1038,534,26,24
1044,534,26,24
1050,534,26,24
1056,534,25,24
1063,534,25,23
1069,534,26,24
1075,534,26,24
1082,534,26,24
1088,534,27,25
1095,534,27,25
1102,534,28,26
1109,534,27,25
1116,535,28,26
1123,535,26,24
1132,536,26,22
1141,538,23,20
1147,538,24,20
1153,538,24,20
1158,538,23,19
1162,536,24,22
1165,536,24,22
1166,535,23,21
1165,534,24,22
1164,533,25,23
1162,532,24,22
1160,531,26,23
1158,530,28,25
1156,528,27,23
1154,527,27,23
1152,526,26,22
1149,525,27,23
1146,524,27,23
1142,523,27,23
1139,521,27,23
1135,520,26,22
1132,519,26,22
1127,517,26,22
1123,516,26,23
1118,515,26,22
1113,513,27,23
1107,513,26,22
1102,512,26,22
1097,511,25,22
1092,510,26,22
1086,509,27,23
1081,508,26,22
1074,506,27,23
1069,505,27,23
1062,504,26,22
1056,503,26,23
1049,502,26,23
1043,501,26,22
1036,501,26,22
1029,500,26,22
1022,499,26,22
1014,499,26,22
1006,498,27,23
998,498,27,23
991,498,28,24
983,498,27,23
975,497,28,24
967,497,28,23
959,497,29,24
951,497,29,25
948,497,23,22
941,497,23,22
933,497,23,22
927,496,23,22
920,496,23,22
913,496,23,22
907,496,24,23
901,496,24,23
895,496,24,23
890,496,24,23
884,496,23,22
879,496,24,23
875,496,27,19
870,497,26,18
866,496,28,19
861,496,26,18
857,497,26,18
854,498,28,16
850,499,27,15
846,495,28,19
846,495,30,20
844,495,31,21
851,494,23,18
853,494,23,18
853,493,25,18
854,492,27,20
858,492,25,18
860,492,25,18
862,491,25,18
864,491,24,17
867,490,25,18
869,490,25,18
872,489,24,17
874,489,24,18
877,488,25,18
878,487,27,19
880,486,29,21
882,485,28,20
884,484,28,20
888,483,27,19
890,482,25,18
893,481,26,19
895,479,29,21
899,478,29,21
902,477,29,21
905,476,29,21
909,475,29,21
912,474,30,21
915,474,29,21
918,473,30,22
922,472,29,21
925,471,30,21
929,471,29,21
932,470,28,20
935,469,29,21
938,468,29,21
942,468,28,20
946,467,28,20
949,466,27,19
952,465,26,19
956,464,27,19
958,463,26,19
960,463,26,19
961,462,26,19
961,461,26,19
961,460,26,19
960,459,25,18
959,459,25,18
958,458,25,18
956,457,25,18
954,456,26,19
950,456,27,19
949,453,28,21
945,451,27,24
943,449,29,24
937,451,31,19
940,445,27,23
937,445,26,24
937,444,24,23
931,444,28,21
928,443,28,21
926,442,28,21
923,440,29,22
921,440,29,21
919,439,28,21
916,438,28,21
913,437,29,21
911,436,28,21
909,435,28,21
907,434,28,21
904,432,29,22
903,431,28,21
901,430,29,22
901,429,28,21
901,428,28,21
902,427,28,21
903,426,28,21
905,424,28,21
907,423,28,21
909,422,29,21
912,421,29,21
914,420,28,21
917,419,28,21
920,418,28,21
923,416,28,21
926,415,31,23
930,414,28,21
933,414,27,21
936,413,28,21
939,411,29,22
942,410,28,21
946,410,28,21
948,408,30,23
952,408,29,22
954,407,29,22
958,407,28,21
963,406,27,20
967,404,27,22
968,403,29,22
971,402,29,21
975,400,29,19
977,399,29,19
981,398,29,19
984,397,29,19
987,395,29,19
990,394,29,19
994,393,29,19
997,392,28,19
1001,391,28,18
1004,390,28,19
1007,390,28,18
1010,390,28,19
1012,390,29,19
1015,390,29,19
1018,391,29,19
1020,392,29,19
1022,394,29,19
1027,395,24,19
1030,396,26,19
1033,397,25,19
1035,401,24,19
1036,402,27,18
1038,405,28,19
1040,408,23,17
1041,411,23,17
1040,414,28,18
1041,417,28,18
1043,421,27,19
1043,424,30,20
1043,428,31,21
1043,432,31,21
1044,437,31,20
1043,441,31,21
1043,446,31,21
1043,452,29,20
1041,457,29,20
1039,462,30,20
1036,467,30,20
1039,474,24,21
1030,477,33,24
1031,484,28,25
1030,492,27,22
1027,499,30,22
1024,506,29,23
1020,513,27,21
1016,520,27,21
1012,528,27,21
1007,535,27,21
1001,543,27,21
995,551,27,21
989,558,26,20
982,566,26,20
976,574,25,20
969,582,26,20
962,589,27,24
954,597,26,24
948,604,27,24
941,611,27,24
934,618,27,24
927,624,27,24
919,630,26,23
910,635,25,23
902,640,26,23
893,645,27,24
884,650,27,24
875,654,28,25
867,658,39,26
870,661,30,27
866,664,30,27
864,667,30,27
863,670,30,27
862,671,31,28
863,673,30,27
863,674,30,27
864,675,31,28
866,676,30,27
866,677,29,26
868,676,30,27
868,675,31,28
866,676,31,28
865,677,31,28
869,677,29,24
868,675,30,25
869,674,28,23
869,672,28,24
870,670,29,24
870,668,29,24
871,665,29,24
872,663,29,24
873,661,29,24
875,659,30,25
877,657,30,25
879,656,30,24
880,653,31,25
882,652,30,25
884,650,30,25
887,649,29,24
889,647,31,26
891,646,30,25
893,645,30,25
896,644,29,24
898,642,29,24
900,641,30,25
903,640,29,24
904,638,30,25
906,637,30,25
909,636,29,24
911,635,29,24
913,633,29,24
915,632,29,24
917,631,29,24
919,630,28,24
920,628,30,25
922,627,30,25
924,627,28,23
924,625,30,25
925,625,29,24
925,624,29,24
925,623,29,24
925,622,29,24
925,620,29,24
924,619,30,25
924,619,28,23
923,618,29,24
921,617,29,24
920,616,29,24
919,615,29,24
916,614,30,25
916,612,29,24
916,613,27,23
913,610,29,26
911,611,30,23
908,608,31,26
910,607,28,24
909,609,28,20
910,604,25,25
906,604,27,23
906,603,27,23
903,601,27,21
903,601,31,22
902,601,30,21
901,598,31,23
904,598,30,22
902,598,29,19
899,593,33,24
903,593,27,23
906,593,25,19
907,589,24,21
904,588,27,21
905,587,26,21
904,585,27,21
905,583,25,21
906,583,24,20
908,583,21,18
904,580,29,21
906,576,28,20
907,575,28,20
908,575,27,20
908,572,26,19
908,571,27,20
903,570,29,18
902,569,28,17
902,568,28,17
902,567,29,18
901,563,29,20
899,562,31,21
897,560,31,21
896,559,29,20
891,555,34,24
888,554,35,25
885,552,31,24
882,551,34,25
878,550,31,25
874,548,31,25
870,548,33,25
866,546,30,24
861,545,32,28
858,543,30,30
852,540,33,31
846,540,33,31
844,541,29,28
839,541,29,28
834,540,29,28
829,540,29,28
823,539,29,28
818,539,29,28
814,539,30,28
808,539,29,28
803,539,30,29
798,540,30,27
793,541,30,23
788,541,30,23
787,538,32,27
781,538,33,32
782,538,32,25
782,535,30,27
782,535,29,26
782,534,30,27
783,533,30,27
784,532,29,27
785,531,30,27
786,531,29,26
787,529,30,27
788,528,30,27
790,528,29,26
790,526,30,27
792,525,30,27
793,525,29,26
794,523,29,27
795,523,29,26
796,523,29,26
797,523,29,26
800,518,29,29
803,518,28,26
804,517,28,26
802,515,32,28
805,516,30,26
804,513,32,29
805,513,32,27
806,512,32,27
808,512,30,26
809,511,31,26
810,510,31,27
811,510,31,26
812,509,30,26
812,508,32,27
813,508,31,26
814,506,32,27
814,506,32,27
815,505,31,26
816,505,31,26
817,504,31,26
817,503,32,27
817,503,31,26
818,503,31,26
818,503,31,26
819,503,30,26
822,502,29,26
822,502,29,26
824,502,28,25
824,501,29,26
825,501,28,25
827,500,27,24
826,499,28,25
826,498,29,26
827,498,28,25
828,498,27,24
827,496,29,26
833,500,25,22
834,500,24,22
834,499,23,21
835,499,23,21
829,497,30,23
830,497,30,23
831,497,29,22
832,497,29,22
833,493,30,25
834,493,29,24
835,493,30,25
836,493,29,24
838,493,27,23
839,493,27,23
841,492,26,22
843,492,26,22
846,491,26,22
849,492,25,21
850,491,25,21
853,491,26,22
849,487,30,24
850,487,30,24
851,487,30,24
852,486,30,24
853,487,28,22
853,487,28,23
854,486,29,23
855,486,28,22
855,484,29,22
856,484,28,22
856,484,28,21
856,483,29,22
856,483,29,22
857,483,28,21
857,483,30,23
858,484,28,21
858,482,30,23
859,483,28,21
859,481,31,24
859,481,31,24
860,481,32,24
860,481,32,24
861,481,32,24
861,481,32,24
861,481,32,24
862,480,28,23
862,480,28,23
863,480,28,23
863,479,29,23
864,479,28,23
865,479,28,23
865,479,28,23
866,477,29,24
867,477,29,24
867,477,28,20
868,477,28,20
868,476,28,20
869,476,28,20
868,473,30,23
868,473,30,23
867,473,29,23
866,471,32,24
865,471,32,24
862,471,32,25
860,470,33,25
858,470,33,25
855,469,33,25
852,468,34,26
850,468,34,26
848,467,30,24
846,467,30,24
845,465,29,24
843,464,31,25
843,463,32,25
843,462,29,23
843,460,29,23
844,459,30,24
844,457,30,24
846,456,29,23
848,454,29,23
850,453,29,23
853,451,28,23
856,448,29,23
859,446,29,23
862,443,29,23
865,441,29,23
871,438,26,22
874,435,26,22
878,433,26,22
881,430,26,22
885,427,26,22
888,424,25,21
893,420,25,21
896,417,25,21
900,414,25,21
905,410,25,21
909,406,25,21
913,403,25,21
917,399,25,21
921,393,28,23
924,390,28,21
924,386,33,26
935,383,28,21
935,379,33,25
938,376,33,23
946,372,27,18
953,366,26,21
958,362,27,22
961,359,27,18
964,353,29,21
969,349,29,21
973,345,30,20
978,341,30,20
982,337,30,20
987,332,30,20
991,328,29,19
995,323,30,20
1000,319,29,19
1003,315,30,20
1008,311,29,19
1012,307,27,21
1016,303,27,21
1021,299,26,21
1025,294,29,22
1030,290,29,22
1034,286,28,22
1039,283,28,21
1043,279,29,22
1047,276,29,22
1050,273,29,22
1054,270,28,21
1057,267,28,21
1059,264,28,21
1062,262,28,21
1064,259,28,21
1066,256,28,21
1068,253,29,22
1070,250,28,21
1073,247,28,22
1076,244,28,21
1079,241,28,21
1082,239,28,21
