948,566,28,17
948,566,28,17
944,567,29,17
943,567,29,17
941,567,29,17
940,567,29,17
937,567,29,14
937,567,29,14
937,567,29,14
936,567,29,14
935,567,29,14
935,567,29,14
933,567,26,14
933,567,25,14
929,566,26,16
929,566,26,16
926,566,25,16
924,566,25,16
921,565,28,17
918,565,27,15
914,567,26,14
912,567,28,14
907,566,25,13
904,566,28,14
900,566,25,13
895,567,27,13
892,566,26,14
889,565,24,14
886,565,27,14
884,567,26,13
880,567,25,13
876,567,30,14
873,568,27,13
870,569,26,13
867,568,29,15
864,570,27,13
862,572,29,13
859,572,27,15
859,575,26,12
855,575,30,13
854,578,28,10
853,579,28,10
849,581,30,11
849,582,29,11
848,585,29,11
847,587,30,11
843,596,28,11
843,600,28,11
842,604,28,11
839,608,28,11
839,611,28,11
838,615,28,11
838,616,28,11
836,619,28,11
836,620,28,11
836,621,28,11
836,622,28,11
836,624,28,11
836,624,28,11
836,625,28,11
836,625,28,11
836,625,28,11
836,625,28,11
841,626,28,11
841,626,28,11
843,626,28,11
848,626,28,11
849,626,28,11
849,626,28,11
849,626,28,11
849,626,28,11
857,625,25,12
859,625,25,12
861,625,25,12
863,625,25,12
866,625,25,12
869,625,25,12
873,625,25,12
877,625,25,12
879,625,25,12
883,625,25,12
885,625,25,12
891,623,21,13
895,623,22,13
897,623,26,13
904,623,25,13
905,624,28,13
913,625,26,12
919,624,25,13
925,623,23,14
931,624,26,13
931,624,25,13
939,624,23,13
944,623,21,15
950,623,25,15
951,623,24,15
956,622,27,15
958,623,27,15
965,623,24,15
965,623,24,15
970,623,24,15
970,622,26,16
975,623,24,15
976,623,24,15
978,624,25,13
978,624,25,14
979,624,27,15
980,624,28,12
981,624,28,12
981,624,27,12
980,624,28,12
985,624,27,12
985,624,27,12
986,624,27,12
986,624,26,12
986,624,26,11
987,624,25,11
987,624,25,11
987,624,25,11
986,624,26,12
985,624,27,12
985,624,27,12
985,624,27,12
985,624,27,12
985,624,27,12
987,623,27,12
987,623,27,12
988,623,26,12
988,623,26,12
989,623,26,11
989,623,25,11
991,623,27,13
992,623,27,13
993,623,25,12
991,623,27,13
995,623,25,11
996,623,24,11
996,623,24,11
1000,623,26,13
1000,623,26,13
1003,623,26,14
1003,622,30,15
1010,622,28,16
1010,622,28,16
1013,623,28,15
1013,623,28,15
1017,623,27,13
1017,623,27,13
1024,623,27,13
1027,623,27,14
1027,623,27,14
1032,623,26,13
1032,623,26,13
1040,623,23,14
1040,622,25,15
1045,623,23,14
1046,623,24,14
1045,623,23,14
1049,624,25,14
1050,624,25,14
1049,624,25,14
1049,624,25,14
1053,624,26,14
1054,624,26,14
1053,624,27,14
1057,624,25,14
1057,624,25,14
1057,624,25,14
1058,624,24,14
1059,624,23,13
1057,624,25,14
1057,624,25,14
1059,624,26,14
1059,624,26,14
1059,624,26,14
1059,624,26,14
1059,624,26,14
1059,624,26,14
1059,624,26,14
1059,624,26,14
1059,624,26,14
1059,624,26,14
1059,624,26,14
1059,624,26,14
1059,624,26,14
1057,625,24,14
1057,625,24,14
1057,625,24,14
1057,625,24,14
1056,625,24,14
1056,625,24,14
1056,625,25,14
1056,625,25,14
1055,625,25,15
1054,625,27,14
1054,625,27,14
1054,625,27,14
1054,625,27,14
1054,625,27,14
1054,625,27,14
1052,625,29,15
1052,625,29,15
1052,625,29,15
1052,625,29,15
1052,625,29,15
1052,625,29,15
1053,625,28,15
1053,625,28,15
1053,625,28,15
1053,625,28,15
1055,624,26,13
1055,624,26,13
1055,624,26,13
1055,624,26,13
1055,624,26,13
1055,624,26,13
1055,622,24,14
1055,622,24,14
1055,622,24,14
1055,622,24,14
1055,622,24,14
1055,622,23,14
1055,620,23,15
1055,620,23,15
1055,620,23,15
1055,620,23,15
1055,620,23,15
1055,620,23,15
1055,620,23,15
1055,620,23,15
1055,620,22,15
1049,620,26,16
1049,620,26,16
1049,620,26,16
1048,620,26,16
1048,620,26,16
1048,620,26,16
1048,620,26,16
1048,620,26,16
1044,621,29,13
1044,621,29,13
1043,621,28,13
1043,622,26,12
1038,622,27,13
1038,622,24,12
1038,622,23,12
1035,622,23,12
1032,623,23,10
1031,623,23,10
1030,623,23,10
1029,623,23,10
1027,623,23,10
1020,623,23,12
1017,623,23,12
1014,623,23,12
1004,623,22,12
1000,623,22,12
996,623,22,12
992,623,22,12
978,623,24,12
973,623,24,12
967,623,24,12
955,623,23,12
948,623,23,12
940,623,20,12
933,623,19,11
922,622,21,12
909,622,23,12
901,620,24,11
896,619,20,10
891,618,20,10
881,615,21,12
876,614,21,12
871,612,21,12
867,612,20,12
863,611,20,11
858,611,21,12
854,611,21,12
850,611,21,12
851,612,19,11
847,612,19,11
843,611,19,13
842,611,19,13
836,611,20,14
832,611,20,14
829,611,20,14
824,610,20,14
821,610,20,14
818,610,20,14
815,610,19,13
813,611,19,13
810,611,20,14
809,611,19,12
807,611,19,12
807,611,19,12
806,611,19,12
801,610,26,17
801,610,26,17
803,610,26,17
805,610,26,17
810,609,23,18
810,609,23,18
818,609,22,15
822,609,22,15
827,609,20,14
829,609,23,15
829,609,23,15
838,610,23,14
842,611,25,13
845,610,26,15
848,610,26,15
853,612,24,12
851,611,29,14
853,611,30,15
858,611,23,15
861,611,23,15
866,608,23,17
865,608,27,17
870,609,30,17
870,609,30,17
880,609,30,18
886,609,28,18
891,611,27,18
891,611,27,18
896,611,30,19
899,611,31,16
907,611,27,16
909,611,29,16
915,608,28,18
926,611,22,16
926,611,22,16
926,611,22,16
936,609,23,16
939,609,23,16
942,610,22,14
942,610,22,14
951,609,20,16
953,610,18,15
956,610,18,14
957,610,19,15
960,610,18,14
957,610,25,14
958,610,25,14
964,610,22,15
964,610,23,15
964,610,26,15
970,610,20,15
968,611,24,12
973,611,22,12
973,611,22,12
972,609,27,15
972,609,27,15
975,610,27,12
975,610,27,12
975,610,27,12
978,610,25,13
978,610,25,13
979,610,25,13
982,609,25,13
982,609,25,13
990,609,25,13
990,609,25,13
990,609,25,13
990,609,25,13
990,609,25,13
990,609,25,13
990,609,25,13
990,609,25,13
988,607,25,13
988,607,25,13
988,607,25,13
989,607,25,13
989,607,25,13
989,607,25,13
992,607,25,13
992,607,25,13
992,607,25,13
993,607,25,13
993,607,25,13
993,607,25,13
993,607,25,13
993,607,25,13
994,607,25,13
994,607,25,13
995,607,25,13
995,607,25,13
995,607,25,13
995,607,25,13
996,607,25,13
997,607,25,13
997,607,25,13
997,607,25,13
998,607,25,13
998,607,25,13
998,607,25,13
998,607,25,13
1001,605,25,13
1001,605,25,13
1002,605,25,13
1002,605,25,13
1002,605,25,13
1003,605,25,13
1003,605,25,13
1004,605,25,13
1006,605,25,13
1007,605,25,13
1009,605,25,13
1011,605,25,13
1013,605,25,13
1013,605,25,13
1021,606,24,15
1021,606,24,15
1029,606,20,16
1031,605,24,18
1032,604,24,18
1040,603,24,18
1043,604,24,18
1045,606,26,15
1053,606,24,15
1058,606,24,15
1066,605,24,15
1071,605,24,15
1077,605,24,15
1081,606,24,15
1083,604,24,15
1090,603,24,15
1099,605,24,15
1105,606,24,15
1112,604,24,15
1119,605,24,15
1125,607,22,15
1131,608,21,13
1137,607,21,13
1144,607,19,15
1148,605,22,16
1157,606,21,15
1163,606,19,14
1169,606,22,15
1177,607,19,14
1185,607,21,14
1189,605,23,13
1198,605,20,15
1205,605,23,15
1204,605,23,15
1217,604,20,16
1225,604,18,14
1224,604,24,14
1237,603,17,13
1242,604,23,14
1249,604,21,14
1249,605,21,14
1261,604,19,14
1267,605,20,14
1270,603,23,17
1270,603,23,17
1280,605,22,15
1283,606,27,15
1299,604,18,15
1301,604,21,16
1305,605,20,14
1309,605,20,14
1316,605,20,14
1320,605,20,14
1322,604,20,14
1329,604,20,14
1334,604,20,14
1340,603,18,14
1344,603,18,14
1349,603,18,14
1354,603,18,14
1352,603,18,14
1360,603,18,14
1364,603,19,15
1370,605,18,13
1376,605,18,13
1380,604,18,13
1385,604,18,13
1389,605,18,13
1397,605,18,13
1403,605,18,13
1410,605,18,13
1415,605,18,13
1414,605,25,13
1420,604,29,13
1427,603,29,17
1432,602,33,18
1432,602,33,18
1442,601,33,21
1454,599,31,21
1460,598,26,21
1461,599,30,19
1468,597,28,20
1468,597,33,17
1478,594,27,19
1478,593,28,16
1485,590,27,14
1486,585,28,15
1488,582,28,15
1490,579,31,14
1499,572,30,17
1501,567,29,17
1503,561,28,17
1503,558,33,15
1512,555,30,13
1515,550,29,12
1518,547,29,12
1522,542,29,12
1523,540,29,12
1525,537,29,12
1526,535,29,12
1526,533,29,12
1528,532,29,12
1534,530,30,13
1536,528,29,14
1536,527,29,14
1536,527,29,14
1541,526,28,14
1541,526,28,14
1541,526,28,14
1540,526,28,14
1539,526,28,14
1541,527,28,14
1536,526,28,14
1543,527,28,14
1539,527,28,14
1540,526,30,18
1540,526,30,18
1544,526,30,18
1544,526,30,18
1542,526,30,18
1544,526,26,15
1548,527,24,16
1547,527,27,17
1554,528,23,16
1553,528,22,15
1548,527,29,16
1548,526,29,16
1549,526,29,16
1552,525,29,16
1554,525,29,16
1561,525,29,16
1564,524,27,19
1567,523,27,19
1573,524,27,19
1575,524,27,19
1578,524,27,19
1581,524,27,19
1584,524,27,19
1586,524,27,19
1590,524,27,19
1587,526,31,16
1598,527,24,16
1601,526,28,18
1606,526,26,15
1599,526,36,14
1604,525,36,15
1606,526,37,14
1609,526,37,14
1610,525,37,14
1612,525,37,14
1613,525,37,14
1620,526,37,14
1622,524,37,14
1623,524,37,14
1623,524,37,14
1624,524,37,14
1626,520,33,21
1625,520,33,21
1625,520,31,20
1623,520,30,21
1623,519,31,22
1614,521,30,20
1614,519,30,20
1609,520,28,22
1606,522,27,18
1603,522,27,17
1593,521,30,18
1581,523,33,17
1574,523,33,17
1565,523,32,17
1560,523,29,17
1549,524,32,14
1546,524,30,13
1528,523,37,15
1524,522,30,17
1514,522,30,17
1502,520,31,16
1492,522,31,15
1483,522,33,13
1473,521,29,13
1463,520,28,13
1450,520,31,13
1440,520,28,14
1430,519,30,15
1418,518,31,16
1404,517,29,14
1394,517,28,13
1381,516,28,14
1369,516,28,14
1357,516,28,14
1345,516,29,14
1335,516,27,13
1322,515,28,14
1307,517,33,12
1300,516,32,13
1284,517,32,12
1276,515,33,15
1269,514,27,15
1257,516,29,13
1246,515,30,12
1235,515,30,12
1224,514,30,12
1215,515,30,12
1205,513,24,15
1195,513,24,15
1182,512,24,15
1169,513,24,15
1156,512,24,15
1145,512,24,15
1134,512,24,15
1130,514,24,15
1112,513,24,15
1100,513,24,15
1092,512,24,15
1083,512,24,15
1075,512,24,15
1063,511,24,15
1054,512,24,15
1034,510,31,15
1032,510,31,15
1016,510,31,15
1011,510,31,15
998,510,31,15
992,510,31,15
973,509,31,15
967,509,31,15
960,509,31,15
942,508,31,15
925,506,34,18
913,505,34,18
901,506,34,18
883,506,34,18
878,506,28,16
862,505,28,17
851,505,28,17
839,506,27,16
825,506,28,17
813,505,26,16
799,505,26,16
784,505,25,15
766,505,26,15
754,506,25,15
739,506,23,14
725,506,23,14
705,506,23,14
690,506,23,14
678,506,23,14
663,506,23,14
646,506,23,14
630,506,23,14
612,506,23,14
594,506,23,14
571,506,23,14
551,507,28,15
537,505,28,15
518,507,37,14
501,506,32,15
486,507,28,15
473,505,24,17
455,506,26,14
434,505,31,15
414,506,31,16
400,506,30,15
384,506,32,14
375,506,30,14
367,505,31,17
356,504,31,17
357,504,31,17
347,503,31,17
339,503,31,17
344,503,31,17
341,502,31,17
339,501,31,17
344,503,25,14
356,503,25,14
356,503,25,14
360,503,25,14
365,502,25,14
371,502,25,14
381,502,25,14
391,502,25,14
404,502,25,14
420,501,25,14
435,501,25,14
456,499,30,18
480,500,27,17
506,501,26,16
528,501,39,17
551,501,44,18
581,501,44,18
603,503,40,18
627,502,44,20
647,504,39,16
666,503,43,18
683,506,33,14
699,506,33,14
714,506,33,14
728,507,32,13
741,507,32,13
751,507,32,13
759,507,32,14
765,507,32,14
772,508,32,13
775,508,32,13
776,508,33,13
776,508,33,13
777,508,33,13
775,508,33,14
774,508,33,14
773,508,33,13
771,508,33,14
770,508,33,13
768,509,33,13
766,509,33,14
764,509,34,14
762,509,34,14
760,509,35,14
758,510,34,14
757,510,34,14
755,510,33,13
753,511,34,14
750,511,34,14
749,511,34,14
747,511,33,14
745,512,33,14
743,512,33,13
735,512,39,14
734,512,39,14
731,512,39,14
729,513,38,14
727,513,39,14
726,513,38,14
723,513,38,14
722,513,38,14
719,513,39,14
717,513,39,14
714,513,40,14
712,513,41,15
709,514,41,15
707,514,41,15
704,514,40,15
707,514,37,14
706,514,36,13
699,515,38,13
697,515,37,14
695,515,36,14
694,515,36,14
692,515,35,14
690,515,35,13
690,516,31,14
688,516,31,14
686,516,31,14
685,517,30,12
683,517,30,12
682,517,30,12
681,517,29,12
680,517,30,12
678,517,30,12
678,517,30,12
677,517,30,12
676,517,30,12
675,517,30,12
675,518,30,12
674,517,32,13
674,518,31,12
674,518,31,13
673,518,31,13
676,519,28,11
676,520,27,11
675,520,27,11
666,518,35,14
665,518,35,14
663,519,35,14
661,519,35,14
659,519,35,14
657,519,35,14
655,519,35,14
652,519,35,14
650,520,35,14
647,520,35,14
645,520,36,14
649,521,29,13
647,521,29,13
645,521,29,13
644,521,29,13
642,522,29,13
640,522,29,13
639,522,28,13
638,522,28,13
636,522,29,13
635,522,28,13
634,522,29,13
633,522,29,13
624,522,37,13
623,522,37,13
622,522,37,13
622,522,37,13
621,522,37,13
621,522,37,13
621,523,36,13
620,523,36,13
620,523,37,13
620,523,36,13
620,523,37,13
620,523,36,13
619,523,37,13
619,523,37,13
618,523,37,13
618,523,37,13
617,523,37,13
616,523,37,13
615,523,37,13
614,523,37,13
613,523,37,13
611,523,36,13
610,523,36,13
608,523,36,13
607,523,36,13
605,523,36,13
604,523,36,13
601,523,37,13
599,523,38,13
597,523,39,14
598,523,37,12
599,522,35,13
595,522,38,14
594,522,38,14
598,521,33,16
595,521,36,15
597,521,33,15
596,521,32,16
592,520,36,16
594,523,36,13
592,523,37,15
591,523,38,16
592,523,36,15
592,523,36,15
598,523,31,14
598,523,31,14
598,523,31,14
599,523,31,14
