830,437,18,11
831,437,18,11
831,437,17,11
831,437,17,11
832,437,17,11
832,438,17,11
833,438,17,11
833,438,17,10
834,438,17,11
834,438,17,11
835,438,18,11
835,438,18,11
837,438,17,11
837,439,17,11
838,439,18,11
839,439,17,11
840,439,18,11
841,439,17,11
842,439,17,10
843,439,17,11
844,438,17,11
845,438,17,11
846,438,17,11
848,437,18,11
849,437,17,11
850,436,17,11
852,436,17,10
853,435,17,10
854,434,17,10
856,434,17,10
858,433,17,10
859,432,17,10
861,431,17,10
862,430,17,10
864,429,17,10
866,427,17,10
867,426,17,10
869,425,17,10
871,423,17,10
873,422,17,10
875,420,17,11
876,419,17,10
878,417,17,10
880,416,17,10
883,414,17,10
884,412,17,11
890,408,17,10
892,407,17,10
894,406,17,10
896,406,17,10
898,405,17,10
900,405,17,10
902,404,17,10
904,404,17,10
906,404,17,10
908,404,17,10
910,404,17,10
912,404,17,10
915,404,17,10
918,405,17,10
920,405,17,11
923,405,17,10
926,405,17,10
929,405,17,10
931,406,17,10
934,406,17,10
936,406,17,10
939,407,17,10
942,407,17,10
944,407,16,10
947,408,16,10
950,408,16,10
952,408,17,10
954,408,16,10
957,408,16,10
960,408,16,10
962,407,16,10
965,407,17,10
967,406,17,10
970,406,16,10
972,405,16,10
975,404,16,10
977,403,16,10
980,402,16,10
982,401,16,10
985,399,16,10
987,398,16,10
990,396,16,10
992,395,16,10
995,393,16,10
997,392,17,10
999,390,16,10
1001,388,16,10
1007,387,12,10
1009,385,12,10
1011,384,12,10
1013,382,12,10
1015,380,12,10
1017,379,12,10
1018,377,12,10
1020,375,12,10
1021,373,12,10
1023,371,12,10
1024,370,12,10
1025,368,12,10
1026,366,12,10
1026,364,12,10
1027,363,12,10
1028,361,12,10
1028,359,12,10
1028,358,12,10
1029,357,12,10
1029,356,12,10
1029,355,12,10
1030,354,12,10
1030,353,12,10
1029,353,12,10
1030,352,12,10
1030,352,12,10
1029,352,12,10
1029,352,12,10
1029,352,12,10
1029,351,12,10
1028,351,12,10
1026,351,15,10
1025,351,15,10
1025,351,15,10
1024,351,15,10
1024,351,15,10
1023,351,15,10
1022,351,15,10
1021,351,15,10
1021,351,15,10
1020,351,15,10
1019,351,15,10
1018,351,15,10
1017,350,15,10
1016,350,15,10
1015,350,15,10
1015,350,15,10
1014,350,15,10
1013,350,15,10
1012,350,15,10
1011,350,15,10
1011,350,15,10
1010,350,15,10
1009,350,15,10
1008,350,15,10
1007,349,15,10
1007,349,15,10
1006,349,15,10
1005,349,15,10
1005,349,15,10
1004,349,15,10
1003,349,15,10
1003,349,15,10
1002,349,15,10
1002,349,15,10
1002,349,15,10
1002,348,15,10
1002,348,15,10
1002,348,15,10
1002,348,15,10
1002,348,15,10
1002,348,15,10
1002,348,15,10
1003,348,15,10
1003,347,15,10
1004,347,15,10
1005,347,15,10
1005,347,15,10
1006,347,15,10
1006,347,15,10
1007,347,15,10
1008,346,15,10
1009,346,15,10
1010,346,15,10
1010,346,15,10
1011,346,15,10
1012,345,15,10
1013,345,15,10
1014,345,15,10
1016,345,15,10
1016,345,15,10
1018,344,15,10
1019,344,15,10
1020,344,15,10
1021,343,15,10
1022,343,15,10
1023,343,15,10
1024,343,15,10
1025,342,15,10
1026,342,15,10
1028,342,15,10
1029,342,15,10
1030,341,15,10
1031,341,15,10
1032,341,15,10
1033,340,15,10
1035,340,15,10
1036,340,15,10
1037,339,15,10
1038,339,15,10
1039,338,15,10
1040,338,15,10
1042,338,15,10
1043,337,15,10
1044,337,15,10
1045,336,15,10
1046,336,15,10
1048,336,15,10
1049,335,15,10
1050,335,15,10
1051,334,15,10
1052,334,15,10
1054,334,15,10
1055,333,15,10
1055,333,15,10
1056,333,15,10
1057,332,15,10
1058,332,16,10
1059,331,16,11
1059,331,15,10
1060,331,16,10
1060,331,16,10
1060,331,16,10
1061,331,15,10
1061,331,15,10
1060,330,15,10
1060,330,15,10
1060,330,15,10
1060,330,15,10
1060,330,15,10
1060,330,15,10
1060,330,15,10
1060,329,15,10
1059,329,15,10
1060,329,15,10
1059,329,15,10
1059,329,15,10
1059,329,15,10
1059,329,15,10
1059,329,15,10
1060,329,15,10
1060,329,15,10
1061,329,15,10
1061,329,15,10
1061,328,15,10
1061,328,15,10
1062,328,15,10
1062,328,15,10
1063,328,15,10
1063,328,15,10
1063,328,15,10
1064,328,15,10
1064,328,15,10
1064,328,15,10
1064,328,15,10
1065,328,15,10
1065,328,15,10
1065,328,15,10
1065,328,15,10
1065,328,15,10
1065,328,15,10
1065,328,15,10
1065,328,15,10
1065,328,15,10
1065,328,15,10
1065,328,15,10
1065,328,15,10
1064,328,15,10
1064,328,15,10
1064,328,15,10
1064,328,15,10
1064,328,15,10
1064,328,15,10
1063,328,15,10
1063,328,15,10
1063,328,15,10
1063,328,15,10
1063,328,15,10
1064,328,15,10
1064,328,15,10
1064,328,15,10
1064,328,15,10
1064,328,15,10
1064,328,15,10
1065,328,15,10
1065,328,15,10
1065,328,15,10
1065,328,15,10
1065,328,15,10
1065,328,15,10
1065,328,15,10
1065,328,15,10
1065,328,15,10
1065,328,15,10
1064,328,15,10
1064,328,15,10
1064,328,15,10
1064,328,15,10
1063,328,15,10
1063,328,15,10
1062,328,15,10
1062,328,15,10
1061,328,15,10
1060,328,15,10
1060,328,15,10
1059,328,15,10
1058,328,15,10
1058,328,15,10
1057,327,15,10
1056,327,15,10
1055,327,15,10
1054,327,15,10
1053,327,15,10
1052,327,15,10
1051,327,15,10
1050,327,15,10
1049,327,15,10
1048,327,15,10
1047,327,15,10
1046,327,15,10
1045,327,15,10
1044,327,15,10
1043,327,15,10
1042,327,15,10
1041,327,15,10
1040,327,15,10
1039,327,15,10
1038,327,15,10
1037,327,15,10
1037,327,15,10
1036,327,15,10
1035,327,15,10
1034,327,15,10
1033,327,15,10
1033,327,15,10
1032,327,15,10
1031,327,15,10
1030,327,15,10
1029,328,15,10
1028,327,15,10
1027,327,15,10
1026,327,15,10
1025,328,15,10
1024,328,15,10
1023,328,15,10
1022,328,15,10
1021,328,15,10
1019,328,15,10
1017,328,15,10
1016,328,15,10
1014,328,15,10
1012,328,15,10
1010,328,15,10
1009,328,15,10
1007,328,15,10
1005,328,15,10
1003,328,15,10
1001,328,15,10
999,328,15,10
997,328,15,10
995,328,15,10
993,327,15,10
991,327,15,10
989,327,15,10
988,327,15,10
986,327,15,10
984,327,15,10
982,327,15,10
980,327,15,10
979,327,15,10
977,327,15,10
976,327,15,10
975,327,15,10
973,326,15,10
972,326,15,10
971,326,15,10
970,326,15,10
969,326,16,11
968,326,15,10
968,326,15,10
967,326,15,10
966,326,15,10
965,326,15,10
964,325,15,10
963,325,15,10
962,325,15,10
961,325,15,10
960,325,15,10
958,325,15,10
957,325,15,10
956,324,15,10
954,324,15,10
953,324,15,10
952,324,15,10
950,324,15,10
949,324,15,10
947,324,15,10
945,324,16,10
944,324,15,10
942,323,15,10
940,323,15,10
938,323,15,10
936,323,15,10
934,323,16,10
932,322,15,10
930,322,15,10
928,322,15,10
926,322,16,10
924,322,16,10
922,322,16,10
920,321,15,10
917,321,15,10
915,321,16,10
913,321,16,11
910,320,16,10
908,320,15,10
906,320,16,10
903,320,16,10
900,320,16,10
898,319,16,10
895,319,15,10
892,319,16,10
890,319,16,11
887,319,16,10
884,318,15,10
881,318,15,10
878,318,16,10
875,317,15,10
872,317,15,10
870,317,15,10
866,317,15,10
863,316,15,10
860,316,15,10
857,316,15,10
854,316,15,10
850,315,15,10
847,315,15,10
843,315,15,10
840,314,15,10
836,314,16,11
832,314,15,10
829,313,15,10
825,313,15,10
821,313,16,10
818,312,15,10
813,312,16,11
810,312,15,10
806,311,16,10
802,311,15,10
798,310,15,10
794,310,16,10
790,310,15,10
786,309,16,10
782,309,16,10
777,309,15,10
773,308,15,10
769,308,16,10
764,307,15,10
759,307,16,11
755,306,16,10
750,306,16,11
746,306,16,10
741,305,15,10
737,305,15,10
732,305,15,10
728,304,15,10
723,304,15,10
718,303,15,10
713,303,15,10
708,302,15,10
703,302,15,10
698,301,15,10
693,301,16,10
688,300,15,10
683,300,15,10
678,299,15,10
672,299,15,10
667,299,15,10
662,298,15,10
656,298,16,10
651,298,15,10
645,297,15,10
639,297,16,10
634,297,16,11
628,297,16,11
623,297,15,10
617,297,16,10
611,298,16,11
606,298,16,10
600,299,15,10
594,300,16,11
587,301,16,11
582,302,16,11
576,303,16,11
570,304,16,11
564,306,14,10
558,307,14,10
552,309,14,10
546,310,14,10
539,311,14,10
533,312,14,10
527,314,14,10
520,315,14,10
513,316,14,10
507,318,14,10
500,319,14,10
494,321,14,10
487,322,14,10
480,323,14,10
474,325,14,10
467,326,14,10
460,328,14,10
453,329,15,10
446,331,14,10
439,332,14,10
432,333,14,10
424,335,14,10
417,336,14,10
410,338,14,10
403,339,14,10
395,341,14,10
388,342,14,10
381,344,14,10
373,345,14,10
366,347,14,10
358,348,14,10
350,350,14,10
343,351,14,10
335,353,14,10
327,354,14,10
319,356,14,10
312,357,14,10
303,359,14,10
295,361,14,10
287,362,14,10
279,364,14,10
271,365,15,10
263,367,14,10
255,368,15,10
246,370,14,10
239,372,14,10
230,373,15,11
221,375,15,11
214,377,14,10
205,378,15,10
196,380,15,10
189,382,14,10
180,383,15,10
172,384,14,10
164,385,14,10
156,386,14,10
148,387,14,10
141,388,14,10
133,389,14,10
126,389,14,10
120,390,14,10
114,390,14,10
108,390,14,10
102,390,14,10
96,391,14,10
91,392,15,10
86,393,15,10
81,394,15,11
76,395,15,10
72,397,14,10
67,398,14,10
63,400,14,10
59,402,15,10
55,404,15,10
51,406,15,10
48,408,15,10
45,410,15,10
42,412,15,11
39,414,15,11
37,416,15,11
34,419,15,11
32,421,15,11
30,423,15,11
28,425,15,11
27,427,15,11
25,429,15,11
24,431,15,11
23,433,15,11
22,435,16,11
21,437,15,11
20,439,15,11
19,442,15,11
19,444,15,11
18,446,16,11
17,448,15,11
17,450,15,11
16,452,15,11
16,455,15,11
16,457,15,11
15,459,15,11
