1413,694,24,20
1409,696,22,16
1400,697,26,17
1395,698,22,16
1388,698,22,16
1377,698,23,17
1365,699,22,15
1353,698,23,15
1340,700,22,14
1325,700,25,15
1311,700,26,15
1299,701,25,15
1287,701,25,15
1274,701,23,15
1260,701,21,15
1250,702,21,15
1233,702,23,16
1221,702,23,16
1206,702,20,16
1189,702,22,16
1176,703,22,16
1161,703,23,17
1146,704,20,16
1125,704,26,18
1112,704,27,19
1098,704,22,19
1080,704,25,20
1069,705,22,19
1057,707,18,16
1041,708,24,17
1027,708,23,18
1015,708,26,17
1005,709,23,17
994,710,24,18
983,710,20,17
975,711,17,17
960,711,22,18
953,711,22,18
942,712,22,15
933,712,23,17
926,713,24,16
924,713,24,16
918,714,25,14
916,716,25,14
917,714,22,18
919,714,24,19
934,716,21,18
937,720,24,14
944,718,22,17
948,720,24,15
954,718,23,17
958,720,26,17
964,720,26,17
968,718,20,19
972,721,24,16
976,721,24,16
980,721,23,16
982,721,24,16
985,721,23,14
987,721,23,14
990,722,23,14
993,721,23,14
996,722,23,14
999,723,22,14
1001,724,22,14
1004,723,23,14
1007,723,23,14
1011,724,23,14
1012,724,26,16
1016,724,26,16
1020,724,26,16
1024,724,26,16
1029,725,25,15
1034,725,24,14
1038,725,24,15
1044,725,22,14
1048,725,22,14
1052,726,21,13
1056,725,21,13
1056,724,22,14
1058,724,22,14
1058,724,22,14
1056,725,22,14
1053,725,22,14
1048,725,23,14
1043,725,22,14
1036,725,22,14
1028,727,23,15
1020,728,23,15
1011,728,24,15
1003,728,23,15
995,728,23,15
986,728,23,15
978,728,22,15
968,729,23,15
959,729,24,15
950,729,23,15
941,729,23,15
931,731,22,13
923,731,21,12
913,731,22,13
903,731,22,13
897,731,22,13
890,732,22,13
887,732,22,13
885,732,22,13
884,732,22,13
884,732,22,13
884,732,22,13
884,732,22,13
885,732,22,13
885,733,22,13
885,733,22,13
885,733,22,13
885,733,22,13
885,733,22,13
885,733,22,13
884,734,22,13
884,734,21,13
884,734,22,13
884,734,22,13
884,735,22,13
884,735,22,13
884,735,22,13
884,735,22,13
884,736,22,13
884,735,22,13
884,736,22,13
883,736,22,13
884,736,22,13
884,736,22,13
881,736,25,13
881,736,25,13
881,736,25,13
881,737,25,13
882,737,25,13
882,737,25,13
881,737,25,13
881,737,25,13
882,737,25,13
881,738,24,13
882,738,24,12
882,739,24,12
882,738,24,13
882,739,24,12
882,739,25,13
882,739,24,13
884,740,23,12
884,740,23,12
885,740,23,12
886,741,22,11
886,741,22,11
887,741,22,11
887,742,22,11
887,742,22,11
888,742,21,11
888,742,21,11
888,741,24,14
888,741,24,14
889,742,23,14
889,742,24,14
889,742,24,14
889,742,24,14
890,743,23,14
890,743,24,14
891,744,24,14
892,744,23,13
891,744,24,14
890,744,25,14
892,745,23,13
891,745,24,14
890,745,25,15
891,745,24,14
894,746,22,13
894,747,21,12
894,747,22,13
895,747,22,13
894,747,22,13
894,747,23,13
895,748,22,13
896,749,22,13
896,749,21,12
898,750,20,12
899,750,20,12
899,751,20,11
900,751,20,12
900,751,20,12
896,750,26,15
896,750,26,15
896,751,26,15
897,751,25,15
897,751,25,15
898,752,25,15
899,753,25,14
899,753,25,14
898,753,26,15
898,754,27,15
900,755,25,14
900,755,26,15
900,755,26,15
901,755,26,15
901,756,26,15
902,756,26,15
901,756,26,15
901,756,26,15
901,756,27,16
902,757,26,15
902,757,26,15
902,757,26,15
902,758,26,15
905,759,23,13
905,760,23,13
905,760,23,13
905,761,23,13
905,761,23,13
906,761,22,13
906,762,23,13
904,763,28,12
904,763,29,12
905,763,27,12
905,764,28,12
906,765,27,11
905,765,27,12
905,765,28,12
905,765,28,12
906,765,28,12
906,765,28,12
906,765,28,12
907,765,28,12
907,766,28,12
907,766,28,12
908,766,27,12
908,766,27,12
907,766,29,12
907,766,28,12
907,767,28,12
907,767,29,12
907,767,29,12
907,767,29,12
908,767,29,12
907,767,29,12
908,767,29,12
908,768,29,12
908,768,29,12
908,768,28,12
908,769,28,12
909,769,29,12
908,769,29,12
909,769,28,12
909,770,28,12
910,770,27,12
910,771,27,11
911,771,27,11
910,771,27,12
910,771,28,12
910,772,28,12
910,772,28,12
910,772,29,12
910,773,29,12
911,774,28,12
911,774,29,12
911,775,28,12
911,775,29,12
911,776,29,12
913,777,27,12
912,777,28,12
912,778,27,12
912,778,28,12
912,779,28,12
913,780,26,11
912,780,27,12
912,781,28,12
912,781,28,12
913,782,27,12
913,783,27,11
913,783,28,12
912,784,28,12
912,785,28,12
913,785,27,11
912,786,28,12
912,786,28,12
912,786,28,12
912,787,28,12
912,788,28,12
912,789,28,12
912,790,29,12
912,790,29,12
913,792,28,12
911,792,29,12
912,792,28,12
913,793,28,12
912,793,28,12
910,794,30,13
912,795,28,12
912,796,28,12
912,797,28,12
914,797,27,14
914,798,27,14
914,799,26,14
914,800,27,14
914,800,27,14
913,800,27,14
914,800,27,14
913,800,28,14
914,801,26,14
913,800,27,14
914,799,27,14
914,799,26,13
914,800,24,13
914,800,24,12
914,799,30,12
914,799,30,12
914,799,30,12
914,799,30,12
914,800,29,11
914,800,29,12
914,802,29,11
914,803,30,12
914,804,29,12
914,805,29,12
915,806,30,12
915,807,27,11
915,807,28,11
915,808,28,11
914,808,28,11
914,808,28,11
914,808,29,12
914,808,29,12
914,808,28,11
915,808,28,13
915,808,28,13
915,808,28,13
916,809,28,13
916,809,27,13
917,808,28,13
917,809,27,13
917,809,28,13
918,809,28,13
918,811,26,12
918,810,29,14
918,811,26,13
918,811,26,13
918,812,26,13
918,812,26,13
918,813,26,13
919,813,25,12
918,813,26,13
919,813,25,13
919,813,26,13
919,814,27,13
918,814,27,14
919,815,25,13
919,815,24,12
918,815,26,13
918,815,26,13
920,816,24,12
918,816,26,13
918,816,25,13
919,816,25,12
917,816,27,14
917,816,27,13
918,816,25,13
917,816,26,13
917,816,28,14
918,816,26,13
918,816,26,13
918,816,27,14
918,816,27,13
