789,806,12,10
789,808,12,10
788,812,12,10
788,817,12,10
787,824,12,10
787,831,12,10
786,838,13,10
786,843,13,10
786,849,13,10
785,854,13,10
785,859,13,10
786,863,13,10
786,867,13,11
784,870,13,10
784,873,13,10
784,875,13,10
784,877,13,10
784,879,13,10
784,880,13,10
783,881,13,10
783,882,13,10
783,882,13,10
783,882,13,10
783,882,13,10
783,882,13,10
783,882,13,10
783,882,13,10
783,882,13,10
783,882,13,10
783,882,13,10
783,882,13,10
783,882,13,10
783,882,13,10
783,882,13,10
783,882,13,10
783,882,13,10
784,882,13,10
784,882,13,10
784,882,13,10
784,882,13,10
784,882,13,10
784,882,13,10
784,882,13,10
784,882,13,10
788,882,10,10
788,882,10,10
788,882,10,10
788,882,12,10
788,882,12,10
788,882,12,10
788,882,12,10
788,882,12,10
788,882,12,10
789,882,13,10
789,882,13,10
789,882,13,10
791,883,13,10
791,883,13,10
791,883,13,10
791,883,13,10
791,883,13,10
791,883,13,10
791,883,13,10
791,883,13,10
791,883,13,10
794,883,10,10
794,883,10,10
794,883,10,10
794,883,10,10
794,883,10,10
794,883,10,10
794,883,12,10
794,883,12,10
794,883,12,10
794,883,12,10
794,883,12,10
794,883,12,10
795,884,12,10
795,884,12,10
795,884,12,10
795,884,12,10
795,884,12,10
795,884,12,10
795,884,12,10
796,884,12,10
796,884,12,10
796,884,12,10
796,882,12,10
796,881,12,10
796,880,12,10
797,879,12,10
797,879,11,10
798,877,11,10
798,875,11,10
798,873,11,10
799,871,11,10
799,868,11,10
799,866,11,10
800,862,11,10
801,860,11,10
801,856,11,10
801,853,11,10
802,849,11,10
804,844,11,10
803,843,11,10
804,838,11,10
805,834,11,10
806,829,11,10
807,824,11,10
807,819,11,10
808,815,11,10
809,810,11,10
810,804,11,10
811,799,11,10
812,793,11,10
813,787,11,10
813,781,11,10
814,775,11,10
814,769,11,10
815,763,11,10
816,757,11,10
817,751,11,10
817,746,11,10
818,741,11,10
819,735,11,10
818,729,11,10
820,724,11,10
820,720,11,10
821,716,11,10
822,710,11,10
823,707,11,10
823,703,11,10
823,699,11,10
824,695,11,10
824,692,11,10
825,688,11,10
825,685,11,10
826,682,11,10
826,680,11,10
827,677,11,10
827,675,11,10
827,673,11,10
828,671,11,10
828,669,11,10
829,668,11,10
829,666,11,10
829,665,11,10
830,664,11,10
830,664,11,10
830,663,11,10
830,662,11,10
831,662,11,10
831,662,11,10
831,662,11,10
832,661,11,10
832,661,11,10
832,661,11,10
832,661,11,10
832,661,11,10
833,661,11,10
833,661,11,10
833,661,11,10
833,661,11,10
833,661,11,10
833,661,11,10
834,661,11,10
834,661,11,10
834,661,11,10
834,661,11,10
834,661,11,10
834,661,11,10
834,661,11,10
834,661,11,10
834,661,11,10
835,661,11,10
835,661,11,10
835,660,11,10
835,660,11,10
835,660,11,10
835,660,11,10
835,660,11,10
835,659,11,10
835,659,11,10
835,658,11,10
835,658,11,10
835,658,11,10
835,658,11,10
835,658,11,10
835,658,11,10
835,657,11,10
835,657,11,10
835,657,11,10
834,655,11,10
834,655,11,10
834,655,11,10
834,655,11,10
834,655,11,10
834,654,11,10
834,654,11,10
834,653,11,10
834,653,11,10
834,652,11,10
834,652,11,10
834,652,11,10
834,651,11,10
834,651,11,10
834,650,11,10
834,650,11,10
834,649,11,10
834,649,11,10
834,648,11,10
834,648,11,10
834,647,11,10
835,647,11,10
835,646,11,10
835,646,11,10
835,645,11,10
835,645,11,10
835,644,11,10
835,644,11,10
835,643,11,10
835,643,11,10
836,642,11,10
836,642,11,10
836,641,11,10
836,641,11,10
836,640,11,10
836,640,11,10
836,639,11,10
837,639,11,10
837,638,11,10
837,638,11,10
837,637,11,10
837,637,11,10
837,636,11,10
837,636,11,10
838,635,11,10
838,634,11,10
838,634,11,10
838,633,11,10
838,633,11,10
838,632,11,10
838,632,11,10
838,632,11,10
838,631,11,10
839,631,11,10
839,630,11,10
839,630,11,10
839,630,11,10
839,629,11,10
839,629,11,10
839,629,11,10
839,629,11,10
839,628,11,10
839,628,11,10
840,628,11,10
840,628,11,10
840,628,11,10
840,628,11,10
840,628,11,10
840,628,11,10
840,628,11,10
840,628,11,10
840,628,11,10
840,628,11,10
840,628,11,10
840,628,11,10
840,628,11,10
840,628,11,10
840,628,11,10
841,628,11,10
841,628,11,10
841,628,11,10
841,628,11,10
841,628,11,10
841,628,11,10
841,628,11,10
841,628,11,10
841,628,11,10
841,629,11,10
841,629,11,10
841,629,11,10
841,629,11,10
841,630,11,10
841,630,11,10
841,630,11,10
841,630,11,10
841,631,11,10
841,631,11,10
841,631,11,10
841,632,11,10
841,632,11,10
841,632,11,10
841,633,11,10
841,633,11,10
841,633,11,10
841,634,11,10
841,634,11,10
841,634,11,10
841,635,11,10
841,635,11,10
841,635,11,10
841,636,11,10
841,636,11,10
841,637,11,10
841,637,11,10
841,637,11,10
841,638,11,10
841,638,11,10
841,639,11,10
841,639,11,10
841,639,11,10
841,640,11,10
841,640,11,10
840,641,11,10
840,641,11,10
840,642,11,10
840,642,11,10
840,643,11,10
840,643,11,10
840,644,11,10
840,644,11,10
840,644,11,10
840,645,11,10
840,645,11,10
840,646,11,10
839,646,11,10
839,647,11,10
839,647,11,10
839,648,11,10
839,648,11,10
838,649,11,10
838,649,11,10
838,650,11,10
838,650,11,10
838,651,11,10
838,651,11,10
838,652,11,10
838,652,11,10
838,653,11,10
838,653,11,10
838,654,11,10
838,655,11,10
838,655,11,10
838,655,11,10
838,656,11,10
838,657,11,10
838,657,11,10
838,658,11,10
838,658,11,10
838,659,11,10
838,659,11,10
837,660,11,10
837,660,11,10
836,661,11,10
836,661,11,10
836,662,11,10
836,663,11,10
836,663,11,10
836,664,11,10
836,664,11,10
836,665,11,10
836,665,11,10
836,666,11,10
836,666,11,10
836,667,11,10
836,667,11,10
836,668,11,10
836,668,11,10
836,669,11,10
836,669,11,10
836,670,11,10
835,670,11,10
835,671,11,10
835,672,11,10
835,672,11,10
835,673,11,10
835,673,11,10
835,674,11,10
835,674,11,10
835,675,11,10
835,675,11,10
835,676,11,10
835,676,11,10
835,677,11,10
835,677,11,10
835,678,11,10
835,678,11,10
835,679,11,10
835,679,11,10
835,680,11,10
834,680,11,10
834,681,11,10
834,681,11,10
834,682,11,10
834,682,11,10
834,683,11,10
834,684,11,10
834,684,11,10
834,685,11,10
834,685,11,10
834,686,11,10
834,686,11,10
834,687,11,10
834,687,11,10
834,688,11,10
834,688,11,10
834,689,11,10
834,689,11,10
834,690,11,10
834,690,11,10
834,691,11,10
834,691,11,10
834,691,11,10
834,692,11,10
834,692,11,10
834,693,11,10
834,693,11,10
834,694,11,10
834,694,11,10
834,695,11,10
834,695,11,10
834,695,11,10
834,696,11,10
834,696,11,10
834,697,11,10
834,697,11,10
833,697,11,10
833,697,11,10
833,698,11,10
833,698,11,10
833,699,11,10
833,699,11,10
833,700,11,10
833,700,11,10
833,701,11,10
833,701,11,10
833,702,11,10
833,702,11,10
833,703,11,10
833,703,11,10
833,704,11,10
833,704,11,10
833,705,11,10
833,705,11,10
833,706,11,10
833,706,11,10
833,707,11,10
833,707,11,10
833,708,11,10
833,708,11,10
833,709,11,10
833,709,11,10
833,710,11,10
833,710,11,10
833,711,11,10
833,711,11,10
833,711,11,10
833,712,11,10
833,712,11,10
833,712,11,10
833,713,11,10
833,713,11,10
833,713,11,10
833,713,11,10
833,714,11,10
833,714,11,10
833,714,11,10
833,714,11,10
833,714,11,10
833,715,11,10
833,715,11,10
833,715,11,10
833,715,11,10
833,715,11,10
833,715,11,10
833,715,11,10
833,715,11,10
833,715,11,10
833,715,11,10
833,715,11,10
833,715,11,10
833,715,11,10
833,715,11,10
833,716,11,10
833,716,11,10
833,716,11,10
833,716,11,10
833,717,11,10
833,718,11,10
833,718,11,10
833,719,11,10
833,721,11,10
833,722,11,10
833,724,11,10
833,725,11,10
831,727,11,10
832,731,11,10
831,733,11,10
832,735,11,10
832,738,11,10
831,741,11,10
832,744,11,10
832,747,11,10
833,750,11,10
833,754,11,10
833,757,11,10
833,760,11,10
833,764,11,10
833,767,11,10
833,771,11,10
834,775,11,10
833,778,11,10
833,782,11,10
833,786,11,10
833,789,11,10
833,792,11,10
834,797,11,10
833,800,11,10
834,803,11,10
834,808,11,10
834,812,11,10
834,815,11,10
834,818,11,10
834,822,11,10
834,826,11,10
833,829,11,10
832,832,11,10
833,836,11,10
834,839,11,10
833,843,11,10
834,847,11,10
833,851,11,10
833,855,11,10
833,857,11,10
833,860,11,10
833,863,11,10
833,865,11,10
833,867,11,10
833,869,11,10
833,872,11,10
833,873,11,10
833,875,11,10
832,876,11,10
832,878,11,10
833,879,11,10
833,879,11,10
833,879,11,10
832,880,11,10
832,880,11,10
832,880,11,10
832,880,11,10
832,880,11,10
832,880,11,10
832,880,11,10
832,880,11,10
832,880,11,10
832,880,11,10
832,880,11,10
832,880,11,10
832,880,11,10
830,881,11,10
830,881,11,10
830,881,11,10
830,881,11,10
830,881,11,10
830,879,11,10
830,879,11,10
830,879,11,10
830,879,11,10
830,879,11,10
830,879,11,10
830,879,11,10
831,879,11,10
832,879,11,10
832,879,11,10
832,879,11,10
832,879,11,10
832,879,11,10
833,879,11,10
835,879,11,10
835,879,11,10
835,879,11,10
835,879,11,10
835,879,11,10
837,877,11,10
837,877,11,10
837,877,11,10
837,877,11,10
837,877,11,10
837,877,11,10
837,877,11,10
838,878,11,10
838,878,11,10
838,878,11,10
840,878,11,10
840,878,11,10
840,878,11,10
840,878,11,10
840,878,11,10
840,877,11,10
840,874,11,10
840,872,11,10
840,872,11,10
840,870,11,10
842,867,11,10
842,866,11,10
842,862,11,10
842,861,11,10
842,857,11,10
842,855,11,10
843,851,11,10
843,849,11,10
843,844,11,10
843,841,11,10
843,837,11,10
843,833,11,10
844,829,11,10
845,824,11,10
844,819,11,10
844,814,11,10
845,809,11,10
844,804,11,10
844,798,11,10
845,798,11,10
844,787,11,10
845,781,11,10
846,774,11,10
846,769,11,10
846,762,11,10
846,756,11,10
847,749,11,10
847,742,11,10
847,735,11,10
848,729,11,10
848,724,11,10
849,717,11,10
848,711,11,10
849,705,11,10
849,700,11,10
850,695,11,10
850,689,11,10
851,684,11,10
851,679,11,10
851,675,11,10
852,670,11,10
852,666,11,10
853,662,11,10
853,658,11,10
854,654,11,10
854,650,11,10
854,647,11,10
855,644,11,10
855,641,11,10
856,638,11,10
856,636,11,10
856,633,11,10
857,631,11,10
857,630,11,10
857,628,11,10
858,626,11,10
858,625,11,10
858,624,11,10
859,623,11,10
859,622,11,10
860,622,11,10
860,621,11,10
860,621,11,10
860,621,11,10
861,620,11,10
861,620,11,10
861,620,11,10
861,620,11,10
861,620,11,10
861,620,11,10
861,620,11,10
861,620,11,10
861,620,11,10
861,620,11,10
861,620,11,10
861,620,11,10
861,620,11,10
861,620,11,10
861,620,11,10
860,621,11,10
860,621,11,10
860,621,11,10
859,621,11,10
859,621,11,10
859,621,11,10
859,621,11,10
858,622,11,10
855,622,11,10
855,622,11,10
855,622,11,10
855,622,11,10
854,622,11,10
854,623,11,10
853,623,11,10
853,623,11,10
852,623,11,10
852,623,11,10
852,623,11,10
851,623,11,10
851,623,11,10
851,623,11,10
850,623,11,10
850,623,11,10
850,623,11,10
850,623,11,10
849,623,11,10
849,623,11,10
849,623,11,10
849,624,11,10
849,624,11,10
848,624,11,10
848,624,11,10
848,624,11,10
848,624,11,10
848,624,11,10
848,624,11,10
848,624,11,10
847,624,11,10
847,624,11,10
847,625,11,10
847,625,11,10
847,626,11,10
847,627,11,10
847,628,11,10
847,629,11,10
847,631,11,10
847,633,11,10
847,634,11,10
846,636,11,10
846,639,11,10
846,641,11,10
846,644,11,10
846,646,11,10
845,649,11,10
845,652,11,10
845,655,11,10
844,658,11,10
844,662,11,10
844,665,11,10
843,668,11,10
843,671,11,10
842,675,11,10
842,678,11,10
841,681,11,10
841,685,11,10
840,688,11,10
839,692,11,10
839,695,11,10
838,699,11,10
838,702,11,10
837,705,11,10
836,709,11,10
835,712,11,10
835,716,11,10
834,719,11,10
833,722,11,10
833,725,11,10
831,729,11,10
830,734,11,10
830,737,11,10
828,740,11,10
827,743,11,10
827,747,11,10
826,751,11,10
825,754,11,10
824,757,11,10
824,760,11,10
824,764,11,10
823,767,11,10
822,769,11,10
822,771,11,10
822,773,11,10
821,774,11,10
821,777,11,10
821,778,11,10
821,781,11,10
821,781,11,10
821,784,11,10
822,786,11,10
820,785,11,10
820,787,11,10
820,790,11,10
820,791,11,10
820,794,11,10
820,796,11,10
820,799,11,10
820,801,11,10
820,804,11,10
820,807,11,10
820,811,11,10
820,813,11,10
820,816,11,10
819,819,11,10
819,824,11,10
818,826,11,10
818,829,11,10
818,829,11,10
819,837,11,10
819,841,11,10
818,843,11,10
817,847,11,10
818,845,11,10
816,855,11,10
818,860,11,10
817,862,11,10
816,867,11,10
816,871,11,10
817,874,11,10
817,874,11,10
816,877,11,10
816,883,11,10
816,883,11,10
815,889,11,10
815,889,11,10
815,894,11,10
815,894,11,10
816,898,11,10
816,900,11,10
816,901,11,10
818,903,11,10
818,902,11,10
817,902,12,11
818,902,12,11
818,902,12,11
818,902,12,11
818,902,12,11
818,902,12,11
818,902,12,11
818,902,12,11
818,902,12,11
818,902,12,11
819,902,12,11
819,902,12,11
819,902,12,11
819,902,12,11
820,904,11,10
820,904,11,10
820,904,11,10
818,902,11,10
818,902,11,10
818,902,11,10
818,902,11,10
818,902,11,10
818,902,11,10
818,902,11,10
