1039,840,11,10
1039,840,11,10
1040,840,11,10
1040,840,11,10
1040,840,11,10
1040,840,11,10
1040,840,11,10
1040,840,11,10
1041,840,10,10
1041,840,10,10
1041,840,10,10
1042,840,12,10
1042,840,12,10
1042,840,12,10
1042,840,12,10
1041,840,12,10
1041,840,12,10
1042,840,13,10
1041,840,13,10
1041,840,13,10
1040,840,13,10
1039,840,13,10
1041,840,10,10
1040,840,10,10
1039,840,13,10
1038,840,13,10
1037,840,13,10
1037,840,13,10
1036,840,13,10
1038,840,13,10
1037,840,13,10
1037,840,13,10
1038,840,13,10
1038,840,13,10
1038,840,13,10
1038,840,13,10
1038,840,13,10
1038,840,13,10
1037,840,13,10
1037,840,13,10
1037,840,14,10
1037,840,13,10
1037,840,13,10
1036,840,13,10
1036,840,14,10
1036,840,14,10
1036,840,13,10
1035,840,13,10
1035,840,13,10
1033,840,13,10
1035,840,12,10
1033,840,12,10
1032,840,12,10
1030,839,14,10
1028,839,15,10
1030,839,11,10
1028,839,11,10
1026,839,11,10
1025,839,11,10
1026,839,10,10
1025,840,10,10
1022,839,13,10
1021,839,14,10
1020,839,13,10
1022,839,10,10
1022,839,10,10
1023,839,11,10
1023,839,13,10
1023,839,13,10
1023,839,13,10
1025,839,10,10
1025,838,13,10
1025,838,13,10
1025,838,13,10
1029,838,11,10
1029,838,11,10
1029,838,11,10
1032,837,11,10
1032,837,11,10
1032,837,13,10
1032,837,13,10
1035,837,10,10
1035,837,10,10
1035,837,11,10
1035,837,11,10
1038,837,10,10
1038,837,10,10
1039,837,11,10
1039,837,11,10
1039,837,11,10
1039,837,11,10
1039,835,12,10
1039,835,12,10
1039,835,12,10
1039,835,12,10
1039,835,12,10
1041,835,11,10
1041,835,11,10
1041,835,11,10
1041,835,11,10
1041,835,11,10
1041,835,11,10
1041,835,11,10
1041,836,11,10
1041,836,11,10
1041,836,11,10
1041,838,11,10
1041,838,11,10
1041,838,12,10
1041,838,12,10
1041,838,12,10
1041,838,12,10
1041,838,12,10
1041,839,12,10
1041,839,12,10
1041,839,12,10
1041,838,12,10
1040,838,12,10
1040,838,12,10
1039,838,12,10
1039,838,12,10
1039,838,15,10
1038,836,13,10
1037,836,13,10
1035,835,13,10
1037,835,12,10
1035,833,14,10
1032,833,11,10
1031,830,13,10
1030,830,13,10
1028,830,13,10
1027,827,13,10
1026,827,12,10
1025,827,12,10
1023,827,12,10
1022,827,12,10
1021,826,12,10
1020,826,12,10
1019,824,12,10
1018,824,12,10
1017,824,12,10
1016,824,12,10
1015,824,12,10
1014,826,12,10
1013,826,12,10
1013,826,12,10
1012,826,12,10
1011,827,12,10
1011,827,12,10
1010,829,12,10
1010,829,12,10
1009,830,12,10
1008,830,12,10
1008,830,11,10
1008,832,11,10
1006,834,12,10
1005,834,12,10
1006,836,11,10
1004,838,13,10
1004,838,13,10
1003,841,13,10
1002,842,13,10
1001,844,13,10
1001,845,13,10
999,847,13,10
999,847,13,10
998,850,13,10
997,851,13,10
996,852,13,10
994,853,13,10
993,854,13,10
992,855,13,10
992,856,13,10
992,856,13,10
990,858,13,10
990,858,13,10
990,858,13,10
991,860,13,10
991,860,13,10
991,860,13,10
991,860,13,10
991,861,13,10
991,861,13,10
992,861,13,10
992,861,13,10
992,861,13,10
994,861,13,10
994,861,13,10
994,861,13,10
994,861,13,10
994,861,13,10
994,861,13,10
994,861,13,10
994,861,13,10
996,860,13,10
997,860,13,10
997,861,13,10
997,860,13,10
998,861,12,10
999,859,12,10
999,859,12,10
1001,860,12,10
1001,860,12,10
1001,860,12,10
1003,861,12,10
1003,861,12,10
1003,861,12,10
1005,860,12,10
1005,860,12,10
1005,860,12,10
1005,860,12,10
1006,862,12,10
1006,862,12,10
1006,863,12,10
1009,863,12,10
1009,863,12,10
1009,864,12,10
1009,864,12,10
1009,865,12,10
1012,865,12,10
1012,865,12,10
1012,866,12,10
1013,867,11,10
1013,867,11,10
1013,867,11,10
1017,867,11,10
1017,867,11,10
1017,867,11,10
1020,867,11,10
1020,867,11,10
1020,867,11,10
1021,868,11,10
1021,868,11,10
1021,868,11,10
1024,868,11,10
1024,868,11,10
1024,868,11,10
1025,868,12,10
1027,866,12,10
1027,866,12,10
1029,867,12,10
1029,867,12,10
1030,867,12,10
1030,867,12,10
1032,867,12,10
1032,867,12,10
1032,867,12,10
1035,867,12,10
1035,867,12,10
1035,867,12,10
1038,867,12,10
1038,867,12,10
1038,867,12,10
1039,867,12,10
1039,867,12,10
1041,867,12,10
1041,867,12,10
1041,867,12,10
1042,866,12,10
1042,866,12,10
1042,866,12,10
1042,866,12,10
1042,866,12,10
1044,866,12,10
1044,866,12,10
1046,866,12,10
1046,866,12,10
1047,866,12,10
1047,866,12,10
1047,866,12,10
1047,866,12,10
1049,866,12,10
1049,866,12,10
1049,866,12,10
1049,866,12,10
1052,866,12,10
1052,866,12,10
1052,866,12,10
1052,866,12,10
1052,866,12,10
1052,866,12,10
1052,866,12,10
1054,866,12,10
1054,866,12,10
1054,866,12,10
1056,866,12,10
1056,866,12,10
1056,866,12,10
1056,866,12,10
1056,866,12,10
1059,866,12,10
1059,866,12,10
1059,866,12,10
1059,866,12,10
1059,864,12,10
1059,864,12,10
1059,864,12,10
1062,863,12,10
1062,863,12,10
1062,860,12,10
1062,863,12,10
1064,861,11,10
1064,858,11,10
1064,858,11,10
1064,856,11,10
1064,854,11,10
1066,854,11,10
1066,851,11,10
1067,850,11,10
1068,848,12,10
1068,846,12,10
1068,846,12,10
1068,843,12,10
1068,841,12,10
1068,840,12,10
1070,838,12,10
1069,835,12,10
1071,834,12,10
1071,834,12,10
1071,831,12,10
1071,829,12,10
1071,829,12,10
1071,827,12,10
1073,825,12,10
1073,825,12,10
1073,823,12,10
1074,820,12,10
1074,820,12,10
1074,818,12,10
1075,817,12,10
1075,816,12,10
1075,815,12,10
1077,813,12,10
1077,812,12,10
1077,812,12,10
1078,808,12,10
1078,808,12,10
1078,807,12,10
1079,804,12,10
1079,804,12,10
1080,803,12,10
1082,801,12,10
1082,801,12,10
1082,800,12,10
1082,797,12,10
1082,797,12,10
1082,796,12,10
1083,794,12,10
1083,794,12,10
1085,791,12,10
1085,791,12,10
1085,788,12,10
1085,788,12,10
1085,788,12,10
1085,785,12,10
1085,785,12,10
1085,783,12,10
1085,783,12,10
1085,783,12,10
1085,783,12,10
1084,783,12,10
1084,781,12,10
1083,781,12,10
1081,781,12,10
1079,781,12,10
1079,779,12,10
1078,779,12,10
1077,779,12,10
1075,779,12,10
1074,779,12,10
1073,779,12,10
1072,779,12,10
1071,779,12,10
1071,779,12,10
1070,779,12,10
1069,779,12,10
1068,779,12,10
1070,779,12,10
1070,779,12,10
1069,779,12,10
1069,779,12,10
1068,779,12,10
1067,779,12,10
1066,780,11,10
1066,780,11,10
1064,778,11,10
1064,778,11,10
1063,778,11,10
1063,778,11,10
1062,778,11,10
1061,778,11,10
1060,778,11,10
1059,778,11,10
1058,778,11,10
1057,778,11,10
1056,778,11,10
1054,777,11,10
1053,777,11,10
1052,777,11,10
1049,777,11,10
1046,776,11,10
1045,776,11,10
1042,776,11,10
1039,776,11,10
1034,775,11,10
1032,775,11,10
1029,775,11,10
1026,775,11,10
1024,773,11,10
1022,773,11,10
1019,773,11,10
1013,772,11,10
1011,772,11,10
1009,772,11,10
1007,770,11,10
1005,770,11,10
1001,770,11,10
999,770,11,10
996,768,11,10
994,769,12,10
992,768,12,10
989,768,12,10
988,766,12,10
987,766,12,10
986,766,12,10
985,766,12,10
984,766,12,10
982,764,12,10
982,764,12,10
982,764,12,10
982,764,12,10
982,764,12,10
983,762,12,10
983,762,12,10
981,761,12,10
981,761,12,10
981,761,12,10
983,760,12,10
983,760,12,10
983,760,12,10
982,758,12,10
982,758,12,10
982,758,12,10
979,757,12,10
979,757,12,10
979,757,12,10
977,757,12,10
977,757,12,10
977,757,12,10
977,755,12,10
977,755,12,10
975,753,12,10
975,753,12,10
975,753,12,10
975,753,12,10
975,753,12,10
975,753,12,10
972,753,12,10
972,753,12,10
972,751,12,10
972,751,12,10
970,751,12,10
970,751,12,10
970,751,12,10
968,749,12,10
968,749,12,10
968,749,12,10
968,749,12,10
968,749,12,10
965,748,12,10
965,748,12,10
965,748,12,10
965,748,12,10
965,748,12,10
965,748,12,10
962,746,12,10
962,746,12,10
962,746,12,10
962,746,12,10
962,746,12,10
960,745,12,10
960,745,12,10
960,745,12,10
960,743,12,10
960,743,12,10
960,743,12,10
960,743,12,10
960,742,12,10
957,741,12,10
957,741,12,10
957,741,12,10
955,739,12,10
955,739,12,10
955,739,12,10
953,738,12,10
953,738,12,10
953,738,12,10
952,737,12,10
952,737,12,10
952,737,12,10
952,737,12,10
950,736,12,10
950,736,12,10
949,736,12,10
948,735,12,10
948,735,12,10
947,734,12,10
947,734,12,10
945,733,12,10
945,733,12,10
945,733,12,10
944,733,12,10
944,733,12,10
943,733,12,10
943,733,12,10
942,733,12,10
941,732,12,10
940,733,12,10
940,732,14,10
940,732,14,10
938,732,14,10
938,732,14,10
938,732,14,10
938,732,14,10
935,731,14,10
935,731,14,10
935,731,14,10
934,731,14,10
934,731,14,10
933,731,14,10
933,730,14,10
932,730,14,10
932,730,14,10
931,730,14,10
931,730,14,10
931,730,14,10
931,730,14,10
930,729,14,10
930,729,14,10
930,729,14,10
929,729,14,10
929,729,14,10
929,729,14,10
929,729,14,10
928,728,14,10
928,728,14,10
928,728,14,10
928,728,14,10
928,728,14,10
927,727,14,10
927,727,14,10
926,727,14,10
926,727,14,10
925,727,14,10
925,727,14,10
924,726,14,10
924,726,14,10
924,726,15,10
924,726,14,10
923,726,14,10
923,725,14,10
923,725,14,10
923,725,14,10
923,725,14,10
923,725,14,10
923,724,14,10
923,724,17,10
923,724,17,10
923,724,17,10
923,723,17,11
923,723,17,11
923,723,17,11
923,722,17,11
923,722,17,11
923,722,17,11
923,722,16,11
923,722,17,11
923,721,17,11
923,721,17,11
923,721,17,11
923,721,17,11
923,721,17,11
924,721,17,11
924,721,16,11
925,720,17,11
926,720,17,11
928,720,17,11
930,720,17,11
933,720,17,11
936,720,17,11
939,719,17,11
943,719,17,11
945,719,17,11
949,719,17,11
952,719,17,11
954,719,17,11
956,718,17,11
957,718,17,11
958,718,17,11
959,718,17,11
959,718,17,11
959,718,17,11
960,717,17,11
960,717,17,11
960,717,17,11
960,717,17,11
960,718,16,10
960,718,16,10
960,718,16,10
960,718,16,10
960,717,16,10
961,717,16,10
961,717,16,10
961,717,16,10
961,717,16,10
961,717,16,10
961,717,16,10
962,716,16,10
962,716,16,10
962,716,16,10
962,716,16,10
962,716,16,10
962,716,16,10
962,716,16,10
962,716,16,10
962,716,16,10
962,716,16,10
963,716,16,10
963,716,16,10
963,715,16,10
963,715,16,10
963,715,16,10
963,715,16,10
963,715,16,10
963,715,16,10
963,715,16,10
963,715,16,10
963,715,16,10
963,715,16,10
963,715,16,10
963,715,16,10
963,715,16,10
963,715,16,10
964,715,16,10
964,715,16,10
964,715,16,10
964,715,16,10
964,715,16,10
964,715,16,10
964,715,16,10
964,715,16,10
964,715,16,10
964,715,16,10
964,715,16,10
964,715,16,10
964,715,16,10
964,715,16,10
964,715,16,10
964,715,16,10
964,715,16,10
964,715,16,10
964,715,16,10
964,715,16,10
964,715,16,10
964,715,16,10
964,715,16,10
964,715,16,10
964,715,16,10
964,715,16,10
964,715,16,10
964,715,16,10
964,715,16,10
964,715,16,10
964,715,16,10
964,715,16,10
964,715,16,10
964,715,16,10
964,715,16,10
964,715,16,10
964,715,16,10
964,715,16,10
963,715,16,10
963,715,16,10
963,715,16,10
963,715,16,10
963,715,16,10
962,715,16,10
962,715,16,10
962,715,16,10
961,715,16,10
961,715,16,10
960,715,16,10
959,715,16,10
959,715,16,10
958,715,16,10
957,715,16,10
956,715,16,10
956,715,16,10
955,715,16,10
954,715,16,10
953,715,16,10
952,714,16,10
951,714,16,10
950,714,16,10
949,714,16,10
948,714,16,10
947,714,16,10
946,714,16,10
945,714,16,10
943,714,16,10
942,714,16,10
941,714,16,10
940,714,16,10
938,714,16,10
937,714,16,10
936,714,16,10
935,714,16,10
934,714,16,10
933,714,16,10
932,714,16,10
930,713,16,10
929,713,16,10
928,713,16,10
927,713,16,10
926,713,16,10
925,713,16,10
924,713,16,10
923,713,16,10
923,713,16,10
922,713,16,10
921,713,16,10
920,713,16,10
920,713,16,10
919,713,16,10
919,713,16,10
918,712,16,10
918,712,16,10
917,712,16,10
917,712,16,10
917,712,16,10
917,712,16,10
917,712,16,10
916,712,16,10
916,712,16,10
916,712,16,10
916,712,16,10
917,712,16,10
917,712,16,10
917,712,16,10
917,712,16,10
918,712,16,10
918,712,16,10
919,712,16,10
920,712,16,10
922,712,16,10
925,712,16,10
927,712,16,10
931,712,16,10
934,712,16,10
937,712,16,10
940,712,16,10
944,712,16,10
948,712,16,10
952,712,16,10
957,712,16,10
960,712,16,10
964,712,16,10
967,712,16,10
969,712,16,10
971,712,16,10
972,712,16,10
974,712,16,10
974,712,16,10
975,712,16,10
976,712,16,10
976,712,16,10
976,712,16,10
976,712,16,10
976,712,16,10
976,712,16,10
976,712,16,10
976,712,16,10
975,712,16,10
975,712,16,10
974,712,16,10
974,712,16,10
973,712,16,10
973,712,16,10
972,712,16,10
972,712,16,10
971,712,16,10
971,712,16,10
970,712,16,10
970,712,16,10
969,712,16,10
969,712,16,10
969,712,16,10
968,712,16,10
967,712,16,10
967,712,16,10
967,712,16,10
966,712,16,10
966,712,16,10
965,712,16,10
964,712,16,10
964,712,16,10
963,712,16,10
962,712,16,10
962,712,16,10
960,712,16,10
960,712,16,10
959,712,16,10
959,711,16,10
957,711,16,10
957,711,16,10
955,711,16,10
955,711,16,10
954,711,16,10
952,711,16,10
951,711,16,10
950,711,16,10
949,711,16,10
948,711,16,10
947,711,16,10
946,711,16,10
944,711,16,10
943,711,16,10
942,711,16,10
940,710,16,10
939,710,16,10
938,710,16,10
936,710,16,10
935,710,16,10
933,710,16,10
932,710,16,10
931,710,16,10
929,709,16,10
928,709,16,10
927,709,16,10
925,709,16,10
924,709,16,10
922,709,16,10
921,709,16,10
920,709,16,10
919,710,16,10
917,710,16,10
916,710,16,10
915,711,16,10
913,711,16,10
912,712,17,10
910,713,17,10
909,713,16,10
908,714,16,10
907,715,16,10
906,715,16,10
905,715,16,10
903,716,16,10
902,716,16,10
901,716,16,10
900,716,16,10
899,716,17,10
898,716,17,10
897,716,16,10
897,716,16,10
